"","name","key","decimalLatitude","decimalLongitude","issues","datasetKey","publishingOrgKey","networkKeys","installationKey","publishingCountry","protocol","lastCrawled","lastParsed","crawlId","extensions","basisOfRecord","taxonKey","kingdomKey","phylumKey","classKey","orderKey","familyKey","genusKey","speciesKey","acceptedTaxonKey","scientificName","acceptedScientificName","kingdom","phylum","order","family","genus","species","genericName","specificEpithet","taxonRank","taxonomicStatus","dateIdentified","stateProvince.original","year","month","day","eventDate","lastInterpreted","license","identifiers","facts","relations","geodeticDatum","class","countryCode","country.original","rightsHolder","identifier","recordNumber","datasetName","municipality.original","locality","language","collectionCode","gbifID","occurrenceID","type","recordedBy","catalogNumber","institutionCode","ownerInstitutionCode","modified","occurrenceRemarks","identifiedBy","elevation","otherCatalogNumbers","fieldNotes","continent","elevationAccuracy","references","habitat","nomenclaturalCode","institutionID","verbatimEventDate","endDayOfYear","county","preparations","startDayOfYear","collectionID","identificationRemarks","verbatimElevation","georeferenceSources","individualCount","higherGeography","verbatimCoordinateSystem","verbatimTaxonRank","higherClassification","infraspecificEpithet","typeStatus","typifiedName","dynamicProperties","fieldNumber","organismID","datasetID","accessRights","municipality","stateProvince","country","FID","NOME","GEOCODIGO","POINT_X","POINT_Y","NOMEUF","SIGLAUF","estados_shp","x_estado","y_estado","nome","sigla","new_Lat","new_Lon","notes","comments"
"1","Chrysophyllum rufum",1936707201,-11,-39,"gass84","2e684fd6-09e2-4661-910a-0a188b610c04","60545be9-4f28-4245-b4b4-07635c8dfa54","none","b38ff2b7-c8af-454e-b5af-ee760f0d5bca","BR","DWC_ARCHIVE","2018-11-14T17:20:06.425+0000","2018-11-14T17:20:06.456+0000",124,"none","PRESERVED_SPECIMEN",2885683,6,7707728,220,1353,8802,2885576,2885683,2885683,"Chrysophyllum rufum Mart.","Chrysophyllum rufum Mart.","Plantae","Tracheophyta","Ericales","Sapotaceae","Chrysophyllum","Chrysophyllum rufum","Chrysophyllum","rufum","SPECIES","ACCEPTED","none","Bahia",2018,8,17,"2018-08-17T00:00:00","2018-11-14T17:20:06.535+0000","http://creativecommons.org/licenses/by-nc/4.0/legalcode","none","none","none","WGS84","Magnoliopsida","BR","Brazil","HUEFS - Herbario da Universidade Estadual de Feira de Santana","BRA:UEFS:HUEFS:0000243788","4","HUEFS - Herbario da Universidade Estadual de Feira de Santana","Alagoinhas","Campus II- UNEB. Trilha do trem, lado esquerdo.","pt","HUEFS",1936707201,"BRA:UEFS:HUEFS:0000243788","Collection","Santos, R.C.S.L.","243788","UEFS","Universidade Estadual de Feira de Santana (UEFS)","","","",NA,"","","",NA,"","","","","",NA,"","",NA,"","","","",NA,"","","","","","","","",NA,NA,"","","Alagoinhas","Bahia","brazil",3580,"Alagoinhas",2900702,-38.399441,-12.109646,"BAHIA","BA","Bahia",-41.72018023,-12.47295682,"Bahia","ba",-11,-39,"original coordinates","original coordinates outside municipality original in alagoinhas falls in tucano"
"2","Chrysophyllum rufum",1936707212,-11,-39,"gass84","2e684fd6-09e2-4661-910a-0a188b610c04","60545be9-4f28-4245-b4b4-07635c8dfa54","none","b38ff2b7-c8af-454e-b5af-ee760f0d5bca","BR","DWC_ARCHIVE","2018-11-14T17:20:06.446+0000","2018-11-14T17:20:06.468+0000",124,"none","PRESERVED_SPECIMEN",2885683,6,7707728,220,1353,8802,2885576,2885683,2885683,"Chrysophyllum rufum Mart.","Chrysophyllum rufum Mart.","Plantae","Tracheophyta","Ericales","Sapotaceae","Chrysophyllum","Chrysophyllum rufum","Chrysophyllum","rufum","SPECIES","ACCEPTED","none","Bahia",2018,8,17,"2018-08-17T00:00:00","2018-11-14T17:20:06.562+0000","http://creativecommons.org/licenses/by-nc/4.0/legalcode","none","none","none","WGS84","Magnoliopsida","BR","Brazil","HUEFS - Herbario da Universidade Estadual de Feira de Santana","BRA:UEFS:HUEFS:0000243785","1","HUEFS - Herbario da Universidade Estadual de Feira de Santana","Alagoinhas","Campus II- UNEB. Trilha da casa do mel.","pt","HUEFS",1936707212,"BRA:UEFS:HUEFS:0000243785","Collection","Santos, R.C.S.L.","243785","UEFS","Universidade Estadual de Feira de Santana (UEFS)","","","",NA,"","","",NA,"","","","","",NA,"","",NA,"","","","",NA,"","","","","","","","",NA,NA,"","","Alagoinhas","Bahia","brazil",3580,"Alagoinhas",2900702,-38.399441,-12.109646,"BAHIA","BA","Bahia",-41.72018023,-12.47295682,"Bahia","ba",-11,-39,"original coordinates","original coordinates outside municipality original in alagoinhas falls in tucano"
"3","Chrysophyllum rufum",1936707198,-11,-39,"gass84","2e684fd6-09e2-4661-910a-0a188b610c04","60545be9-4f28-4245-b4b4-07635c8dfa54","none","b38ff2b7-c8af-454e-b5af-ee760f0d5bca","BR","DWC_ARCHIVE","2018-11-14T17:20:06.421+0000","2018-11-14T17:20:06.444+0000",124,"none","PRESERVED_SPECIMEN",2885683,6,7707728,220,1353,8802,2885576,2885683,2885683,"Chrysophyllum rufum Mart.","Chrysophyllum rufum Mart.","Plantae","Tracheophyta","Ericales","Sapotaceae","Chrysophyllum","Chrysophyllum rufum","Chrysophyllum","rufum","SPECIES","ACCEPTED","none","Bahia",2018,8,17,"2018-08-17T00:00:00","2018-11-14T17:20:06.535+0000","http://creativecommons.org/licenses/by-nc/4.0/legalcode","none","none","none","WGS84","Magnoliopsida","BR","Brazil","HUEFS - Herbario da Universidade Estadual de Feira de Santana","BRA:UEFS:HUEFS:0000243787","3","HUEFS - Herbario da Universidade Estadual de Feira de Santana","Alagoinhas","Campus II- UNEB. Trilha do trem (lado esquerdo). Indivíduo em fase reprodutiva.","pt","HUEFS",1936707198,"BRA:UEFS:HUEFS:0000243787","Collection","Santos, R.C.S.L.","243787","UEFS","Universidade Estadual de Feira de Santana (UEFS)","","","",NA,"","","",NA,"","","","","",NA,"","",NA,"","","","",NA,"","","","","","","","",NA,NA,"","","Alagoinhas","Bahia","brazil",3580,"Alagoinhas",2900702,-38.399441,-12.109646,"BAHIA","BA","Bahia",-41.72018023,-12.47295682,"Bahia","ba",-11,-39,"original coordinates","original coordinates outside municipality original in alagoinhas falls in tucano"
"4","Chrysophyllum rufum",1936707226,-11,-39,"gass84","2e684fd6-09e2-4661-910a-0a188b610c04","60545be9-4f28-4245-b4b4-07635c8dfa54","none","b38ff2b7-c8af-454e-b5af-ee760f0d5bca","BR","DWC_ARCHIVE","2018-11-14T17:20:06.463+0000","2018-11-14T17:20:06.488+0000",124,"none","PRESERVED_SPECIMEN",2885683,6,7707728,220,1353,8802,2885576,2885683,2885683,"Chrysophyllum rufum Mart.","Chrysophyllum rufum Mart.","Plantae","Tracheophyta","Ericales","Sapotaceae","Chrysophyllum","Chrysophyllum rufum","Chrysophyllum","rufum","SPECIES","ACCEPTED","none","Bahia",2018,8,17,"2018-08-17T00:00:00","2018-11-14T17:20:06.536+0000","http://creativecommons.org/licenses/by-nc/4.0/legalcode","none","none","none","WGS84","Magnoliopsida","BR","Brazil","HUEFS - Herbario da Universidade Estadual de Feira de Santana","BRA:UEFS:HUEFS:0000243786","2","HUEFS - Herbario da Universidade Estadual de Feira de Santana","Alagoinhas","Campus II- UNEB. Trilha da UNEB, saída em frente ao trilho do trem (lado esquerdo). Indivíduo em fase reprodutiva.","pt","HUEFS",1936707226,"BRA:UEFS:HUEFS:0000243786","Collection","Santos, R.C.S.L.","243786","UEFS","Universidade Estadual de Feira de Santana (UEFS)","","","",NA,"","","",NA,"","","","","",NA,"","",NA,"","","","",NA,"","","","","","","","",NA,NA,"","","Alagoinhas","Bahia","brazil",3580,"Alagoinhas",2900702,-38.399441,-12.109646,"BAHIA","BA","Bahia",-41.72018023,-12.47295682,"Bahia","ba",-11,-39,"original coordinates","original coordinates outside municipality original in alagoinhas falls in tucano"
"5","Chrysophyllum rufum",1913585228,-9.370411,-37.248353,"gass84","a0cb1f6e-5766-4cc5-a8a0-cfc6a22c5c3d","81114709-2a6c-4e0b-908b-cb207a8708c2","none","b38ff2b7-c8af-454e-b5af-ee760f0d5bca","BR","DWC_ARCHIVE","2018-11-23T18:21:15.686+0000","2018-11-23T18:21:15.733+0000",125,"none","PRESERVED_SPECIMEN",2885683,6,7707728,220,1353,8802,2885576,2885683,2885683,"Chrysophyllum rufum Mart.","Chrysophyllum rufum Mart.","Plantae","Tracheophyta","Ericales","Sapotaceae","Chrysophyllum","Chrysophyllum rufum","Chrysophyllum","rufum","SPECIES","ACCEPTED","none","Alagoas",2016,9,1,"2016-09-01T00:00:00","2018-12-10T13:35:49.507+0000","http://creativecommons.org/licenses/by-nc/4.0/legalcode","none","none","none","WGS84","Magnoliopsida","BR","Brazil","MAC - Herbário do Instituto do Meio Ambiente do Estado de Alagoas","BRA:IMA:MAC:0000063620","1569","MAC - Herbário do Instituto do Meio Ambiente do Estado de Alagoas","Paripueira","RPPN Placas.","pt","MAC",1913585228,"BRA:IMA:MAC:0000063620","Collection","J.W.Alves-Silva; B.Schindler; M.Figueira; E.T.Silva","63620","IMA","Instituto do Meio Ambiente do Estado de Alagoas, IMA","2018-11-22T17:02:51.000+0000","Árvore ca. 6 m. Botões brancos esverdeados; aglomerados no caule.; Mata Atlântica.","",NA,"","","",NA,"","","","","",NA,"","",NA,"","","","",NA,"","","","","","","","",NA,NA,"","","Paripueira","Alagoas","brazil",4010,"Paripueira",2706448,-35.593852,-9.435154,"ALAGOAS","AL","Alagoas",-36.62362821,-9.51494324,"Alagoas","al",-9.370411,-37.248353,"original coordinates","original coordinates outside municipality original in paripueira falls in santana do ipanema"
"6","Chrysophyllum rufum",1135075172,-12.995278,-41.326667,"gass84,iddatunl","a8e78a51-12b2-4ca1-8945-6d909022ef6a","6cc5aff1-f24c-4d67-a827-a666dc680b66","none","b38ff2b7-c8af-454e-b5af-ee760f0d5bca","BR","DWC_ARCHIVE","2018-11-24T12:31:56.603+0000","2018-08-03T12:12:40.300+0000",121,"none","PRESERVED_SPECIMEN",2885683,6,7707728,220,1353,8802,2885576,2885683,2885683,"Chrysophyllum rufum Mart.","Chrysophyllum rufum Mart.","Plantae","Tracheophyta","Ericales","Sapotaceae","Chrysophyllum","Chrysophyllum rufum","Chrysophyllum","rufum","SPECIES","ACCEPTED","2015-03-01T00:00:00","Bahia",2015,2,9,"2015-02-09T00:00:00","2018-08-03T12:12:44.432+0000","http://creativecommons.org/licenses/by-nc/4.0/legalcode","none","none","none","WGS84","Magnoliopsida","BR","Brazil","HURB - Herbário do Recôncavo da Bahia","BRA:UFRB:HURB:0000009464","23311","HURB - Herbário do Recôncavo da Bahia","Mucugê","Chapada diamantina, Trilha do Tiburtino;","pt","HURB",1135075172,"BRA:UFRB:HURB:0000009464","Collection","Guedes, M.L.; Costa,T.F.","9464","UFRB","Universidade Federal do Recôncavo da Bahia (UFRB)","","látex leitosoHábito: árvore","Guedes. M.L",NA,"","","",NA,"","","","","",NA,"","",NA,"","","","",NA,"","","","","","","","",NA,NA,"","","Mucugê","Bahia","brazil",3451,"Mucugê",2921906,-41.469352,-13.061639,"BAHIA","BA","Bahia",-41.72018023,-12.47295682,"Bahia","ba",-12.995278,-41.326667,"original coordinates","original coordinates OK"
"7","Chrysophyllum rufum",1424512966,-21.9575,-46.384444,"cdround,gass84","4300f8d5-1ae5-49e5-a101-63894b005868","838537fc-4aeb-4980-8b58-97fbdcd1d91a","none","da7fe11a-b42c-46cb-9e9d-02243edb738a","BR","DWC_ARCHIVE","2018-10-02T15:43:10.649+0000","2018-09-24T20:04:19.884+0000",207,"none","PRESERVED_SPECIMEN",2885683,6,7707728,220,1353,8802,2885576,2885683,2885683,"Chrysophyllum rufum Mart.","Chrysophyllum rufum Mart.","Plantae","Tracheophyta","Ericales","Sapotaceae","Chrysophyllum","Chrysophyllum rufum","Chrysophyllum","rufum","SPECIES","ACCEPTED","2014-05-28T00:00:00","Minas Gerais",2014,3,26,"2014-03-26T00:00:00","2018-12-06T17:01:08.969+0000","http://creativecommons.org/licenses/by/4.0/legalcode","none","none","none","WGS84","Magnoliopsida","BR","Brazil","Rio de Janeiro Botanical Garden","urn:catalog:JBRJ:RB:982407","320","RB - Rio de Janeiro Botanical Garden Herbarium Collection","Caldas","APA DA PEDRA BRANCA EM POCINHOS DO RIO VERDE,COLETADO EM FRAGMENTO DE MATA ENTRE PEDREIRA E A ESTRADA EM FRENTE.","","RB",1424512966,"urn:catalog:JBRJ:RB:982407","PhysicalObject","J.P.L. BRAGA; E.A. WILLIAMS; E.J. GODOY","RB00982407","JBRJ","","2017-10-14T10:31:35.056+0000","ÁRVORE CA 5M. FOLHAS DISCOLARES COM FACE ADAXIAL VERDE E GLABRA E FACE ABAXIAL COM EDUMENTO FERRUGÍNEO.","S.A. NICOLAU",1372,"RB 627724","MATA ATLÂNTICA","",NA,"","","","","",NA,"","",NA,"","","","",NA,"","","","","","","","",NA,NA,"","","Caldas","Minas Gerais","brazil",1746,"Caldas",3110301,-46.364346,-21.891761,"MINAS GERAIS","MG","Minas Gerais",-44.67333254,-18.45539008,"Minas Gerais","mg",-21.9575,-46.384444,"original coordinates","original coordinates OK"
"8","Chrysophyllum rufum",1424512965,-21.9225,-46.4275,"gass84","4300f8d5-1ae5-49e5-a101-63894b005868","838537fc-4aeb-4980-8b58-97fbdcd1d91a","none","da7fe11a-b42c-46cb-9e9d-02243edb738a","BR","DWC_ARCHIVE","2018-10-02T15:43:10.659+0000","2018-09-24T20:04:19.834+0000",207,"none","PRESERVED_SPECIMEN",2885683,6,7707728,220,1353,8802,2885576,2885683,2885683,"Chrysophyllum rufum Mart.","Chrysophyllum rufum Mart.","Plantae","Tracheophyta","Ericales","Sapotaceae","Chrysophyllum","Chrysophyllum rufum","Chrysophyllum","rufum","SPECIES","ACCEPTED","2014-06-28T00:00:00","Minas Gerais",2014,4,17,"2014-04-17T00:00:00","2018-12-06T17:01:09.069+0000","http://creativecommons.org/licenses/by/4.0/legalcode","none","none","none","WGS84","Magnoliopsida","BR","Brazil","Rio de Janeiro Botanical Garden","urn:catalog:JBRJ:RB:982411","358","RB - Rio de Janeiro Botanical Garden Herbarium Collection","Caldas","APA DA PEDRA BRANCA, ESTRADA POCINHOS X MORRO GRANDE DEPOIS DA PONTE SOBRE O RIO VERDE.","","RB",1424512965,"urn:catalog:JBRJ:RB:982411","PhysicalObject","J.P.L. BRAGA; E.A.WILLIAMS; E.J. GODOY","RB00982411","JBRJ","","2015-07-14T10:29:57.861+0000","","S.A. NICOLAU",NA,"RB 627728","MATA ATLÂNTICA","",NA,"","","","","",NA,"","",NA,"","","","",NA,"","","","","","","","",NA,NA,"","","Caldas","Minas Gerais","brazil",1746,"Caldas",3110301,-46.364346,-21.891761,"MINAS GERAIS","MG","Minas Gerais",-44.67333254,-18.45539008,"Minas Gerais","mg",-21.9225,-46.4275,"original coordinates","original coordinates OK"
"9","Chrysophyllum rufum",1264694223,-4.275025,-38.925014,"gass84","ca7f81ae-ebf9-43a8-947c-535a87fe5aec","4d653db1-17d5-4565-99a5-d88643e240ce","none","b38ff2b7-c8af-454e-b5af-ee760f0d5bca","BR","DWC_ARCHIVE","2018-11-23T18:20:32.588+0000","2018-09-24T19:20:45.874+0000",128,"none","PRESERVED_SPECIMEN",2885683,6,7707728,220,1353,8802,2885576,2885683,2885683,"Chrysophyllum rufum Mart.","Chrysophyllum rufum Mart.","Plantae","Tracheophyta","Ericales","Sapotaceae","Chrysophyllum","Chrysophyllum rufum","Chrysophyllum","rufum","SPECIES","ACCEPTED","2014-11-07T00:00:00","Ceará",2014,8,13,"2014-08-13T00:00:00","2018-12-08T13:34:51.212+0000","http://creativecommons.org/licenses/by-nc/4.0/legalcode","none","none","none","WGS84","Magnoliopsida","BR","Brazil","EAC - Herbário Prisco Bezerra","BRA:UFC:EAC:0000057150","67","EAC - Herbário Prisco Bezerra","Guaramiranga","congl. 99-O, sub. 2, árv. 63.&nf;Floresta madura. Planta encontrada no estrato superior.","pt","EAC",1264694223,"BRA:UFC:EAC:0000057150","Collection","Poczwardowski, D.","57150","Universidade Federal do Ceará, UFC","Universidade Federal do Ceará, UFC","2018-08-13T19:50:31.000+0000","Inventário Florestal Nacional - CE; Árvore, casca viva avermelhada; presença de látex branco, líquido e pouco abundante.&nf;Dups RB.; Mata Atlântica de Altitude.","Sampaio, V.S.",NA,"","","SOUTH_AMERICA",NA,"","","","","",NA,"","",NA,"","","","",NA,"","","","","","","","",NA,NA,"","","Guaramiranga","Ceará","brazil",5179,"Guaramiranga",2305100,-38.94698,-4.244485,"CEARA","CE","Ceará",-39.61556123,-5.09311398,"Ceará","ce",-4.275025,-38.925014,"original coordinates","original coordinates OK"
"10","Chrysophyllum rufum",1077243344,-3.55,-41.083333,"gass84","5b5cf455-a448-4c0a-aecd-3e0956f27f10","afdd8e93-b4e3-491c-88f0-8a22834ac1a9","none","b38ff2b7-c8af-454e-b5af-ee760f0d5bca","BR","DWC_ARCHIVE","2018-12-03T14:13:48.165+0000","2018-12-03T16:16:07.921+0000",122,"none","PRESERVED_SPECIMEN",2885683,6,7707728,220,1353,8802,2885576,2885683,2885683,"Chrysophyllum rufum Mart.","Chrysophyllum rufum Mart.","Plantae","Tracheophyta","Ericales","Sapotaceae","Chrysophyllum","Chrysophyllum rufum","Chrysophyllum","rufum","SPECIES","ACCEPTED","2013-09-01T00:00:00","Ceará",2013,3,2,"2013-03-02T00:00:00","2018-12-06T14:16:39.701+0000","http://creativecommons.org/licenses/by-nc/4.0/legalcode","none","none","none","WGS84","Magnoliopsida","BR","Brazil","ALCB - Herbário Alexandre Leal Costa","BRA:UFBA:ALCB:0000107726","20418","ALCB - Herbário Alexandre Leal Costa","","Viçosa do Ceará, Senhor Antônio.","pt","ALCB",1077243344,"BRA:UFBA:ALCB:0000107726","Collection","Guedes, ML; Silveira, ER; et al.","107726","Universidade Federal da Bahia (UFBA)","Universidade Federal da Bahia (UFBA)","2018-08-28T19:19:07.000+0000","Látex leitoso. Folhas e ramos com pêlos ferruginosos. Botões axilares, ferrugíneos.","Guedes, ML",NA,"","","SOUTH_AMERICA",NA,"","","","","",NA,"","",NA,"","","","",NA,"","","","","","","","",NA,NA,"","","","Ceará","brazil",NA,"",NA,NA,NA,"","","Ceará",-39.61556123,-5.09311398,"Ceará","ce",-3.55,-41.083333,"original coordinates","original coordinates outside municipality original in  falls in vicosa do ceara"
"11","Chrysophyllum rufum",1095638149,-13,-41.366667,"gass84,iddatunl","3b8e9d83-b2d4-4a97-973c-31d98b67b1e9","ab5c0b99-5af3-4958-b03c-0b7e85481cc1","none","b38ff2b7-c8af-454e-b5af-ee760f0d5bca","BR","DWC_ARCHIVE","2018-12-03T15:24:34.726+0000","2018-06-04T19:36:08.943+0000",118,"none","PRESERVED_SPECIMEN",2885683,6,7707728,220,1353,8802,2885576,2885683,2885683,"Chrysophyllum rufum Mart.","Chrysophyllum rufum Mart.","Plantae","Tracheophyta","Ericales","Sapotaceae","Chrysophyllum","Chrysophyllum rufum","Chrysophyllum","rufum","SPECIES","ACCEPTED","2013-08-01T00:00:00","Bahia",2013,7,27,"2013-07-27T00:00:00","2018-07-07T12:38:58.962+0000","http://creativecommons.org/licenses/by-nc/4.0/legalcode","none","none","none","WGS84","Magnoliopsida","BR","Brazil","MBM - Herbário do Museu Botânico Municipal","BRA:MBM:MBM:0000393815","20832","MBM - Herbário do Museu Botânico Municipal","Mucugê","Caminho para Guiné","pt","MBM",1095638149,"BRA:MBM:MBM:0000393815","Collection","Guedes, ML","393815","MBM","Museu Botânico Municipal de Curitiba, MBM","","Árvore, com látex leitoso. Folhas discolores, face adaxial brilhante. Inflorescência com flores fasciculadas, axilares.; Cerrado.","Guedes, ML",NA,"","","SOUTH_AMERICA",NA,"","","","","",NA,"","",NA,"","","","",NA,"","","","","","","","",NA,NA,"","","Mucugê","Bahia","brazil",3451,"Mucugê",2921906,-41.469352,-13.061639,"BAHIA","BA","Bahia",-41.72018023,-12.47295682,"Bahia","ba",-13,-41.366667,"original coordinates","original coordinates OK"
"12","Chrysophyllum rufum",1587319544,-11.227742,-36.176061,"gass84","a0cb1f6e-5766-4cc5-a8a0-cfc6a22c5c3d","81114709-2a6c-4e0b-908b-cb207a8708c2","none","b38ff2b7-c8af-454e-b5af-ee760f0d5bca","BR","DWC_ARCHIVE","2018-11-23T18:21:14.967+0000","2018-11-23T18:21:15.102+0000",125,"none","PRESERVED_SPECIMEN",2885683,6,7707728,220,1353,8802,2885576,2885683,2885683,"Chrysophyllum rufum Mart.","Chrysophyllum rufum Mart.","Plantae","Tracheophyta","Ericales","Sapotaceae","Chrysophyllum","Chrysophyllum rufum","Chrysophyllum","rufum","SPECIES","ACCEPTED","2013-09-06T00:00:00","Alagoas",2013,9,6,"2013-09-06T00:00:00","2018-11-23T18:22:13.505+0000","http://creativecommons.org/licenses/by-nc/4.0/legalcode","none","none","none","WGS84","Magnoliopsida","BR","Brazil","MAC - Herbário do Instituto do Meio Ambiente do Estado de Alagoas","BRA:IMA:MAC:0000062731","12126","MAC - Herbário do Instituto do Meio Ambiente do Estado de Alagoas","Coruripe","Usina Coruripe, Barro Vermelho.","pt","MAC",1587319544,"BRA:IMA:MAC:0000062731","Collection","M.C.S.Mota; E.C.O.Chagas; M.W.T.Silva","62731","IMA","Instituto do Meio Ambiente do Estado de Alagoas, IMA","","Árvore ca. 8 m de alt. Botões cremes.; Mata Atlântica.","M.C.S.Mota",NA,"","","",NA,"","","","","",NA,"","",NA,"","","","",NA,"","","","","","","","",NA,NA,"","","Coruripe","Alagoas","brazil",3899,"Coruripe",2702306,-36.229105,-10.082243,"ALAGOAS","AL","Alagoas",-36.62362821,-9.51494324,"Alagoas","al",-11.227742,-36.176061,"original coordinates","original coordinates outside Brazil"
"13","Chrysophyllum rufum",1077244887,-11.316389,-38.75,"gass84","5b5cf455-a448-4c0a-aecd-3e0956f27f10","afdd8e93-b4e3-491c-88f0-8a22834ac1a9","none","b38ff2b7-c8af-454e-b5af-ee760f0d5bca","BR","DWC_ARCHIVE","2018-12-03T14:13:48.961+0000","2018-12-03T16:16:08.961+0000",122,"none","PRESERVED_SPECIMEN",2885683,6,7707728,220,1353,8802,2885576,2885683,2885683,"Chrysophyllum rufum Mart.","Chrysophyllum rufum Mart.","Plantae","Tracheophyta","Ericales","Sapotaceae","Chrysophyllum","Chrysophyllum rufum","Chrysophyllum","rufum","SPECIES","ACCEPTED","2013-10-01T00:00:00","Bahia",2013,10,16,"2013-10-16T00:00:00","2018-12-06T14:16:40.241+0000","http://creativecommons.org/licenses/by-nc/4.0/legalcode","none","none","none","WGS84","Magnoliopsida","BR","Brazil","ALCB - Herbário Alexandre Leal Costa","BRA:UFBA:ALCB:0000110753","358","ALCB - Herbário Alexandre Leal Costa","Tucano","","pt","ALCB",1077244887,"BRA:UFBA:ALCB:0000110753","Collection","Ogasawara, HA; Oliveira, P","110753","Universidade Federal da Bahia (UFBA)","Universidade Federal da Bahia (UFBA)","2018-08-28T19:19:07.000+0000","ca 4 m alt. Folhas discolores, face abaxial com trcomas ferrugíneos; frutos verdes.; campo sujo.","Ogasawara, HA",460,"","","SOUTH_AMERICA",0,"","","","","",NA,"","",NA,"","","","",NA,"","","","","","","","",NA,NA,"","","Tucano","Bahia","brazil",3747,"Tucano",2931905,-38.787914,-10.98809,"BAHIA","BA","Bahia",-41.72018023,-12.47295682,"Bahia","ba",-11.316389,-38.75,"original coordinates","original coordinates OK"
"14","Chrysophyllum rufum",1094917401,-12.993333,-41.390278,"gass84","2e684fd6-09e2-4661-910a-0a188b610c04","60545be9-4f28-4245-b4b4-07635c8dfa54","none","b38ff2b7-c8af-454e-b5af-ee760f0d5bca","BR","DWC_ARCHIVE","2018-11-14T17:19:50.305+0000","2018-09-10T18:27:33.719+0000",124,"none","PRESERVED_SPECIMEN",2885683,6,7707728,220,1353,8802,2885576,2885683,2885683,"Chrysophyllum rufum Mart.","Chrysophyllum rufum Mart.","Plantae","Tracheophyta","Ericales","Sapotaceae","Chrysophyllum","Chrysophyllum rufum","Chrysophyllum","rufum","SPECIES","ACCEPTED","none","Bahia",2013,11,2,"2013-11-02T00:00:00","2018-09-10T18:28:00.824+0000","http://creativecommons.org/licenses/by-nc/4.0/legalcode","none","none","none","WGS84","Magnoliopsida","BR","Brazil","HUEFS - Herbario da Universidade Estadual de Feira de Santana","BRA:UEFS:HUEFS:0000200791","12290","HUEFS - Herbario da Universidade Estadual de Feira de Santana","Mucugê","Rio Paraguaçu, próximo AABB.","pt","HUEFS",1094917401,"BRA:UEFS:HUEFS:0000200791","Collection","Melo, E.","200791","UEFS","Universidade Estadual de Feira de Santana (UEFS)","","Mata Ciliar e Cerrado adjacente ao Rio Paraguaçu.","",975,"","","",0,"","","","","",NA,"","",NA,"","","","",NA,"","","","","","","","",NA,NA,"","","Mucugê","Bahia","brazil",3451,"Mucugê",2921906,-41.469352,-13.061639,"BAHIA","BA","Bahia",-41.72018023,-12.47295682,"Bahia","ba",-12.993333,-41.390278,"original coordinates","original coordinates OK"
"15","Chrysophyllum rufum",1094899769,-6.865833,-35.5825,"gass84,iddatunl","2e684fd6-09e2-4661-910a-0a188b610c04","60545be9-4f28-4245-b4b4-07635c8dfa54","none","b38ff2b7-c8af-454e-b5af-ee760f0d5bca","BR","DWC_ARCHIVE","2018-11-14T17:19:42.722+0000","2018-09-10T18:27:25.056+0000",124,"none","PRESERVED_SPECIMEN",2885683,6,7707728,220,1353,8802,2885576,2885683,2885683,"Chrysophyllum rufum Mart.","Chrysophyllum rufum Mart.","Plantae","Tracheophyta","Ericales","Sapotaceae","Chrysophyllum","Chrysophyllum rufum","Chrysophyllum","rufum","SPECIES","ACCEPTED","2015-02-01T00:00:00","Paraíba",2012,3,7,"2012-03-07T00:00:00","2018-09-10T18:27:50.799+0000","http://creativecommons.org/licenses/by-nc/4.0/legalcode","none","none","none","WGS84","Magnoliopsida","BR","Brazil","HUEFS - Herbario da Universidade Estadual de Feira de Santana","BRA:UEFS:HUEFS:0000182730","11011","HUEFS - Herbario da Universidade Estadual de Feira de Santana","Pilões","Brejo Paraibano. Cruzeiro do Espinho.","pt","HUEFS",1094899769,"BRA:UEFS:HUEFS:0000182730","Collection","Melo, E.","182730","UEFS","Universidade Estadual de Feira de Santana (UEFS)","","Mata.","A.Alves-Araújo",363,"","","",0,"","","","","",NA,"","",NA,"","","","",NA,"","","","","","","","",NA,NA,"","","Pilões","Paraíba","brazil",4614,"Pilões",2511608,-35.608404,-6.883227,"PARAIBA","PB","Paraíba",-36.83226341,-7.12079672,"Paraíba","pb",-6.865833,-35.5825,"original coordinates","original coordinates OK"
"16","Chrysophyllum rufum",1094892869,-13,-41.366667,"gass84","2e684fd6-09e2-4661-910a-0a188b610c04","60545be9-4f28-4245-b4b4-07635c8dfa54","none","b38ff2b7-c8af-454e-b5af-ee760f0d5bca","BR","DWC_ARCHIVE","2018-11-14T17:19:38.290+0000","2018-09-10T18:27:20.209+0000",124,"none","PRESERVED_SPECIMEN",2885683,6,7707728,220,1353,8802,2885576,2885683,2885683,"Chrysophyllum rufum Mart.","Chrysophyllum rufum Mart.","Plantae","Tracheophyta","Ericales","Sapotaceae","Chrysophyllum","Chrysophyllum rufum","Chrysophyllum","rufum","SPECIES","ACCEPTED","none","Bahia",2012,4,29,"2012-04-29T00:00:00","2018-09-10T18:27:45.654+0000","http://creativecommons.org/licenses/by-nc/4.0/legalcode","none","none","none","WGS84","Magnoliopsida","BR","Brazil","HUEFS - Herbario da Universidade Estadual de Feira de Santana","BRA:UEFS:HUEFS:0000175817","19999","HUEFS - Herbario da Universidade Estadual de Feira de Santana","Mucugê","Chapada Diamantina, Caminho para o Córrego do Boiadeiro.","pt","HUEFS",1094892869,"BRA:UEFS:HUEFS:0000175817","Collection","Guedes, M.L.","175817","UEFS","Universidade Estadual de Feira de Santana (UEFS)","","Campo rupestre.","",NA,"","","",NA,"","","","","",NA,"","",NA,"","","","",NA,"","","","","","","","",NA,NA,"","","Mucugê","Bahia","brazil",3451,"Mucugê",2921906,-41.469352,-13.061639,"BAHIA","BA","Bahia",-41.72018023,-12.47295682,"Bahia","ba",-13,-41.366667,"original coordinates","original coordinates OK"
"17","Chrysophyllum rufum",1077609847,-9.905278,-36.352778,"gass84","a0cb1f6e-5766-4cc5-a8a0-cfc6a22c5c3d","81114709-2a6c-4e0b-908b-cb207a8708c2","none","b38ff2b7-c8af-454e-b5af-ee760f0d5bca","BR","DWC_ARCHIVE","2018-11-23T18:21:10.020+0000","2018-11-23T18:21:10.241+0000",125,"none","PRESERVED_SPECIMEN",2885683,6,7707728,220,1353,8802,2885576,2885683,2885683,"Chrysophyllum rufum Mart.","Chrysophyllum rufum Mart.","Plantae","Tracheophyta","Ericales","Sapotaceae","Chrysophyllum","Chrysophyllum rufum","Chrysophyllum","rufum","SPECIES","ACCEPTED","none","Alagoas",2012,7,20,"2012-07-20T00:00:00","2018-12-09T10:54:59.997+0000","http://creativecommons.org/licenses/by-nc/4.0/legalcode","none","none","none","WGS84","Magnoliopsida","BR","Brazil","MAC - Herbário do Instituto do Meio Ambiente do Estado de Alagoas","BRA:IMA:MAC:0000054765","2398","MAC - Herbário do Instituto do Meio Ambiente do Estado de Alagoas","Teotônio Vilela","Reserva Gulandi.","pt","MAC",1077609847,"BRA:IMA:MAC:0000054765","Collection","I.A.Bayma; R.C.Pinto","54765","IMA","Instituto do Meio Ambiente do Estado de Alagoas, IMA","2018-11-22T17:02:51.000+0000","Árvore ca. 5 m de altura. Flores alvas.; Mata Atlântica.","",NA,"","","",NA,"","","","","",NA,"","",NA,"","","","",NA,"","","","","","","","",NA,NA,"","","Teotônio Vilela","Alagoas","brazil",3921,"Teotônio Vilela",2709152,-36.371049,-9.964013,"ALAGOAS","AL","Alagoas",-36.62362821,-9.51494324,"Alagoas","al",-9.905278,-36.352778,"original coordinates","original coordinates OK"
"18","Chrysophyllum rufum",1094907189,-12.75,-39.7,"gass84,iddatunl","2e684fd6-09e2-4661-910a-0a188b610c04","60545be9-4f28-4245-b4b4-07635c8dfa54","none","b38ff2b7-c8af-454e-b5af-ee760f0d5bca","BR","DWC_ARCHIVE","2018-11-14T17:19:46.149+0000","2018-09-10T18:27:28.960+0000",124,"none","PRESERVED_SPECIMEN",2885683,6,7707728,220,1353,8802,2885576,2885683,2885683,"Chrysophyllum rufum Mart.","Chrysophyllum rufum Mart.","Plantae","Tracheophyta","Ericales","Sapotaceae","Chrysophyllum","Chrysophyllum rufum","Chrysophyllum","rufum","SPECIES","ACCEPTED","2015-02-01T00:00:00","Bahia",2012,11,16,"2012-11-16T00:00:00","2018-09-10T18:27:54.888+0000","http://creativecommons.org/licenses/by-nc/4.0/legalcode","none","none","none","WGS84","Magnoliopsida","BR","Brazil","HUEFS - Herbario da Universidade Estadual de Feira de Santana","BRA:UEFS:HUEFS:0000190401","11783","HUEFS - Herbario da Universidade Estadual de Feira de Santana","Itatim","Fonte Monte Alto Francisco Félix.","pt","HUEFS",1094907189,"BRA:UEFS:HUEFS:0000190401","Collection","Melo, E.","190401","UEFS","Universidade Estadual de Feira de Santana (UEFS)","","Caatinga, beira da lagoa.","A.Alves-Araújo",420,"","","",0,"","","","","",NA,"","",NA,"","","","",NA,"","","","","","","","",NA,NA,"","","Itatim","Bahia","brazil",3503,"Itatim",2916856,-39.741152,-12.724353,"BAHIA","BA","Bahia",-41.72018023,-12.47295682,"Bahia","ba",-12.75,-39.7,"original coordinates","original coordinates OK"
"19","Chrysophyllum rufum",1077237932,-12.966667,-38.5,"gass84","5b5cf455-a448-4c0a-aecd-3e0956f27f10","afdd8e93-b4e3-491c-88f0-8a22834ac1a9","none","b38ff2b7-c8af-454e-b5af-ee760f0d5bca","BR","DWC_ARCHIVE","2018-12-03T14:13:44.107+0000","2018-12-03T16:16:05.363+0000",122,"none","PRESERVED_SPECIMEN",2885683,6,7707728,220,1353,8802,2885576,2885683,2885683,"Chrysophyllum rufum Mart.","Chrysophyllum rufum Mart.","Plantae","Tracheophyta","Ericales","Sapotaceae","Chrysophyllum","Chrysophyllum rufum","Chrysophyllum","rufum","SPECIES","ACCEPTED","2011-04-01T00:00:00","Bahia",2011,2,22,"2011-02-22T00:00:00","2018-12-06T14:16:37.473+0000","http://creativecommons.org/licenses/by-nc/4.0/legalcode","none","none","none","WGS84","Magnoliopsida","BR","Brazil","ALCB - Herbário Alexandre Leal Costa","BRA:UFBA:ALCB:0000098901","18037","ALCB - Herbário Alexandre Leal Costa","Salvador","Região Metropolitana Salvador, Condomínio Green Ville. Paralela","pt","ALCB",1077237932,"BRA:UFBA:ALCB:0000098901","Collection","Guedes, ML; Queiroz, EP; Mattos Andrade, PE de; Tiago; Natassia; et al.","98901","Universidade Federal da Bahia (UFBA)","Universidade Federal da Bahia (UFBA)","2018-08-28T19:19:07.000+0000","de ca 8 m de altura, llátex leitoso. Folhas cartáceas, discolores, face abaxial com tomentos ferrugíneos. Material estéril.","Guedes, ML",NA,"","","SOUTH_AMERICA",NA,"","","","","",NA,"","",NA,"","","","",NA,"","","","","","","","",NA,NA,"","","Salvador","Bahia","brazil",3474,"Salvador",2927408,-38.51033,-12.871185,"BAHIA","BA","Bahia",-41.72018023,-12.47295682,"Bahia","ba",-12.966667,-38.5,"original coordinates","original coordinates OK"
"20","Chrysophyllum rufum",1077238047,-12.933333,-39.516667,"gass84","5b5cf455-a448-4c0a-aecd-3e0956f27f10","afdd8e93-b4e3-491c-88f0-8a22834ac1a9","none","b38ff2b7-c8af-454e-b5af-ee760f0d5bca","BR","DWC_ARCHIVE","2018-12-03T14:13:44.187+0000","2018-12-03T16:16:05.431+0000",122,"none","PRESERVED_SPECIMEN",2885683,6,7707728,220,1353,8802,2885576,2885683,2885683,"Chrysophyllum rufum Mart.","Chrysophyllum rufum Mart.","Plantae","Tracheophyta","Ericales","Sapotaceae","Chrysophyllum","Chrysophyllum rufum","Chrysophyllum","rufum","SPECIES","ACCEPTED","2011-05-01T00:00:00","Bahia",2011,2,4,"2011-02-04T00:00:00","2018-12-06T14:16:37.559+0000","http://creativecommons.org/licenses/by-nc/4.0/legalcode","none","none","none","WGS84","Magnoliopsida","BR","Brazil","ALCB - Herbário Alexandre Leal Costa","BRA:UFBA:ALCB:0000099037","5152","ALCB - Herbário Alexandre Leal Costa","Salvador","Região Metropolitana Salvador, 19 DC, fora das parcelas","pt","ALCB",1077238047,"BRA:UFBA:ALCB:0000099037","Collection","Queiroz, EP; Guedes, ML; Gomes, FS; Matos, NL; et al.","99037","Universidade Federal da Bahia (UFBA)","Universidade Federal da Bahia (UFBA)","2018-08-28T19:19:07.000+0000","de ca 8 m de altura, látex leitoso. Folhas cartáceas, discolores, face abaxial ferrugínea.","Guedes, ML",NA,"","","SOUTH_AMERICA",NA,"","","","","",NA,"","",NA,"","","","",NA,"","","","","","","","",NA,NA,"","","Salvador","Bahia","brazil",3474,"Salvador",2927408,-38.51033,-12.871185,"BAHIA","BA","Bahia",-41.72018023,-12.47295682,"Bahia","ba",-12.933333,-39.516667,"original coordinates","original coordinates outside municipality original in salvador falls in elisio medrado"
"21","Chrysophyllum rufum",1077239071,-12.966667,-38.5,"gass84","5b5cf455-a448-4c0a-aecd-3e0956f27f10","afdd8e93-b4e3-491c-88f0-8a22834ac1a9","none","b38ff2b7-c8af-454e-b5af-ee760f0d5bca","BR","DWC_ARCHIVE","2018-12-03T14:13:45.124+0000","2018-12-03T16:16:05.811+0000",122,"none","PRESERVED_SPECIMEN",2885683,6,7707728,220,1353,8802,2885576,2885683,2885683,"Chrysophyllum rufum Mart.","Chrysophyllum rufum Mart.","Plantae","Tracheophyta","Ericales","Sapotaceae","Chrysophyllum","Chrysophyllum rufum","Chrysophyllum","rufum","SPECIES","ACCEPTED","2011-09-01T00:00:00","Bahia",2011,5,10,"2011-05-10T00:00:00","2018-12-06T14:16:37.965+0000","http://creativecommons.org/licenses/by-nc/4.0/legalcode","none","none","none","WGS84","Magnoliopsida","BR","Brazil","ALCB - Herbário Alexandre Leal Costa","BRA:UFBA:ALCB:0000101182","18502","ALCB - Herbário Alexandre Leal Costa","Salvador","Região Metropolitana Salvador, Condomínio Grenville , Parcela nº 13, ind. nº 733","pt","ALCB",1077239071,"BRA:UFBA:ALCB:0000101182","Collection","Guedes, ML; Queiroz, EP; Costa, AS; Oliveira, GR de;","101182","Universidade Federal da Bahia (UFBA)","Universidade Federal da Bahia (UFBA)","2018-08-28T19:19:07.000+0000","de ca 10 m de altura, DAP de 11,94 cm. Látex leitoso. Folhas cartáceas, discolores, face abaxial com indumento ferrugíneo. Botões axilares, ferrugíneos.; estádio médio de regeneração","Guedes, ML",NA,"","","SOUTH_AMERICA",NA,"","","","","",NA,"","",NA,"","","","",NA,"","","","","","","","",NA,NA,"","","Salvador","Bahia","brazil",3474,"Salvador",2927408,-38.51033,-12.871185,"BAHIA","BA","Bahia",-41.72018023,-12.47295682,"Bahia","ba",-12.966667,-38.5,"original coordinates","original coordinates OK"
"22","Chrysophyllum rufum",1930334726,-11.3372,-37.4017,"gass84","d415c253-4d61-4459-9d25-4015b9084fb0","ae447c50-b8a8-11d8-92a4-b8a03c50a862","none","17017c2c-036b-45d9-b045-606d21b00771","US","DWC_ARCHIVE","2018-11-18T15:58:16.379+0000","2018-11-18T15:58:16.470+0000",96,"none","PRESERVED_SPECIMEN",2885683,6,7707728,220,1353,8802,2885576,2885683,2885683,"Chrysophyllum rufum Mart.","Chrysophyllum rufum Mart.","Plantae","Tracheophyta","Ericales","Sapotaceae","Chrysophyllum","Chrysophyllum rufum","Chrysophyllum","rufum","SPECIES","ACCEPTED","2017-01-01T00:00:00","Sergipe",2011,7,26,"2011-07-26T00:00:00","2018-12-07T07:25:08.183+0000","http://creativecommons.org/publicdomain/zero/1.0/legalcode","none","none","none","WGS84","Magnoliopsida","BR","Brazil","The New York Botanical Garden","b59a86c8-56ef-463d-9fb4-cf7e7c8d329b","177","Vascular plants","","RPPN Mata do Crasto, Borda da mata.","en","NY",1930334726,"b59a86c8-56ef-463d-9fb4-cf7e7c8d329b","PhysicalObject","L.A. Gomes","02636755","NY","","","","T. D. Pennington",0,"","","SOUTH_AMERICA",0,"http://sweetgum.nybg.org/science/vh/specimen_details.php?irn=2286279","Mata AtlÃ¢ntica.","ICN","http://biocol.org/urn:lsid:biocol.org:col:15556","26 Jul 2011",207,"Santa Luzia do Itanhy","sheet",207,"http://biocol.org/urn:lsid:biocol.org:col:15556","","","",NA,"","","","","","","","",NA,NA,"","","","Sergipe","brazil",NA,"",NA,NA,NA,"","","Sergipe",-37.44360505,-10.583842,"Sergipe","se",-11.3372,-37.4017,"original coordinates","original coordinates outside municipality original in  falls in santa luzia do itanhy"
"23","Chrysophyllum rufum",1089182976,-6.502461,-34.977103,"gass84","c9bc6b8d-a4ff-4a47-9cff-d0d1b9e548c7","f4cf14c8-58db-4947-a93c-e43f2b7fe171","none","b38ff2b7-c8af-454e-b5af-ee760f0d5bca","BR","DWC_ARCHIVE","2018-11-24T12:33:17.925+0000","2018-11-24T12:33:17.941+0000",128,"none","PRESERVED_SPECIMEN",2885683,6,7707728,220,1353,8802,2885576,2885683,2885683,"Chrysophyllum rufum Mart.","Chrysophyllum rufum Mart.","Plantae","Tracheophyta","Ericales","Sapotaceae","Chrysophyllum","Chrysophyllum rufum","Chrysophyllum","rufum","SPECIES","ACCEPTED","none","Paraíba",2011,7,8,"2011-07-08T00:00:00","2018-12-08T04:38:50.189+0000","http://creativecommons.org/licenses/by-nc/4.0/legalcode","none","none","none","WGS84","Magnoliopsida","BR","Brazil","JPB - Herbário Lauro Pires Xavier","BRA:UFPB:JPB:0000046820","2972","JPB - Herbário Lauro Pires Xavier","Mataraca","Millennium Inorganic Chemicals Mineração Ltda","pt","JPB",1089182976,"BRA:UFPB:JPB:0000046820","Collection","Gadelha Neto, PC; Lima, JR; Araújo, CMLR; Silva, CS; Vieira Filho, AH","46820","UFPB","Universidade Federal da Paraíba, UFPB","2018-11-05T21:21:38.000+0000","Árvore lactescente de folhas simples, discolores, cartáceas. Face abaxial tomentosa com tricomas ferrugíneos. Inflorescência em fascículos axilares. Vegetando na orla da mata. Substrato areno-argiloso.; Mata de Tabuleiro; HABITAT: Mat","",46,"","","SOUTH_AMERICA",0,"","","","","",NA,"","",NA,"","","","",NA,"","","","","","","","",NA,NA,"","","Mataraca","Paraíba","brazil",4714,"Mataraca",2509305,-35.044184,-6.555563,"PARAIBA","PB","Paraíba",-36.83226341,-7.12079672,"Paraíba","pb",-6.502461,-34.977103,"original coordinates","original coordinates OK"
"24","Chrysophyllum rufum",1928900341,-6.5025,-34.9772,"elmms","d415c253-4d61-4459-9d25-4015b9084fb0","ae447c50-b8a8-11d8-92a4-b8a03c50a862","none","17017c2c-036b-45d9-b045-606d21b00771","US","DWC_ARCHIVE","2018-11-18T14:52:55.054+0000","2018-11-18T14:52:55.169+0000",96,"none","PRESERVED_SPECIMEN",2885683,6,7707728,220,1353,8802,2885576,2885683,2885683,"Chrysophyllum rufum Mart.","Chrysophyllum rufum Mart.","Plantae","Tracheophyta","Ericales","Sapotaceae","Chrysophyllum","Chrysophyllum rufum","Chrysophyllum","rufum","SPECIES","ACCEPTED","2017-01-01T00:00:00","ParaÃ­ba",2011,7,8,"2011-07-08T00:00:00","2018-12-08T19:30:04.582+0000","http://creativecommons.org/publicdomain/zero/1.0/legalcode","none","none","none","WGS84","Magnoliopsida","BR","Brazil","The New York Botanical Garden","500f9076-7919-4d70-be13-a179658b8c86","2972","Vascular plants","","Millennium Inorganic Chemicals MineraÃ§Ã£o Ltda.","en","NY",1928900341,"500f9076-7919-4d70-be13-a179658b8c86","PhysicalObject","P. da C. Gadelha Neto","02674784","NY","","","","T. D. Pennington",23,"","","SOUTH_AMERICA",23,"http://sweetgum.nybg.org/science/vh/specimen_details.php?irn=2296516","Mata de tabileiro.","ICN","http://biocol.org/urn:lsid:biocol.org:col:15556","08 Jul 2011",189,"Mataraca","sheet",189,"http://biocol.org/urn:lsid:biocol.org:col:15556","! T.D. Pennington, 2017","151 ft","Label",NA,"","","","","","","","",NA,NA,"","","","ParaÃ­ba","brazil",NA,"",NA,NA,NA,"","","",NA,NA,NA,"",-6.5025,-34.9772,"original coordinates","original coordinates outside municipality original in  falls in mataraca"
"25","Chrysophyllum rufum",1094900120,-11.889722,-37.597222,"gass84","2e684fd6-09e2-4661-910a-0a188b610c04","60545be9-4f28-4245-b4b4-07635c8dfa54","none","b38ff2b7-c8af-454e-b5af-ee760f0d5bca","BR","DWC_ARCHIVE","2018-11-14T17:19:42.884+0000","2018-09-10T18:27:25.286+0000",124,"none","PRESERVED_SPECIMEN",2885683,6,7707728,220,1353,8802,2885576,2885683,2885683,"Chrysophyllum rufum Mart.","Chrysophyllum rufum Mart.","Plantae","Tracheophyta","Ericales","Sapotaceae","Chrysophyllum","Chrysophyllum rufum","Chrysophyllum","rufum","SPECIES","ACCEPTED","none","Bahia",2011,7,29,"2011-07-29T00:00:00","2018-09-10T18:27:51.036+0000","http://creativecommons.org/licenses/by-nc/4.0/legalcode","none","none","none","WGS84","Magnoliopsida","BR","Brazil","HUEFS - Herbario da Universidade Estadual de Feira de Santana","BRA:UEFS:HUEFS:0000183056","292","HUEFS - Herbario da Universidade Estadual de Feira de Santana","Conde","Faz. Cezo.","pt","HUEFS",1094900120,"BRA:UEFS:HUEFS:0000183056","Collection","Matos, E.N.de","183056","UEFS","Universidade Estadual de Feira de Santana (UEFS)","","Arbustiva.","A.Alves-Araújo",NA,"","","",NA,"","","","","",NA,"","",NA,"","","","",NA,"","","","","","","","",NA,NA,"","","Conde","Bahia","brazil",3622,"Conde",2908606,-37.67734,-11.827324,"BAHIA","BA","Bahia",-41.72018023,-12.47295682,"Bahia","ba",-11.889722,-37.597222,"original coordinates","original coordinates OK"
"26","Chrysophyllum rufum",1930429358,-7.11771177668935,-34.9777289930603,"cdrep,elmms","d415c253-4d61-4459-9d25-4015b9084fb0","ae447c50-b8a8-11d8-92a4-b8a03c50a862","none","17017c2c-036b-45d9-b045-606d21b00771","US","DWC_ARCHIVE","2018-11-18T15:58:58.464+0000","2018-11-18T15:58:58.537+0000",96,"none","PRESERVED_SPECIMEN",2885683,6,7707728,220,1353,8802,2885576,2885683,2885683,"Chrysophyllum rufum Mart.","Chrysophyllum rufum Mart.","Plantae","Tracheophyta","Ericales","Sapotaceae","Chrysophyllum","Chrysophyllum rufum","Chrysophyllum","rufum","SPECIES","ACCEPTED","2017-01-01T00:00:00","ParaÃ­ba",2011,8,18,"2011-08-18T00:00:00","2018-12-07T07:55:10.315+0000","http://creativecommons.org/publicdomain/zero/1.0/legalcode","none","none","none","WGS84","Magnoliopsida","BR","Brazil","The New York Botanical Garden","bc498dcc-2778-45ea-be9d-02c47a213eb1","269","Vascular plants","","Km 46","en","NY",1930429358,"bc498dcc-2778-45ea-be9d-02c47a213eb1","PhysicalObject","L. A. Pereira","02674752","NY","","","","T. D. Pennington",8,"","","SOUTH_AMERICA",8,"http://sweetgum.nybg.org/science/vh/specimen_details.php?irn=2492956","","ICN","http://biocol.org/urn:lsid:biocol.org:col:15556","18 Aug 2011",230,"Santa Rita","sheet",230,"http://biocol.org/urn:lsid:biocol.org:col:15556","","52 ft","Label",NA,"","","","","","","","",NA,NA,"","","","ParaÃ­ba","brazil",NA,"",NA,NA,NA,"","","",NA,NA,NA,"",-7.11771177668935,-34.9777289930603,"original coordinates","original coordinates outside municipality original in  falls in santa rita"
"27","Chrysophyllum rufum",1089185094,-7.114167,-34.978056,"gass84","c9bc6b8d-a4ff-4a47-9cff-d0d1b9e548c7","f4cf14c8-58db-4947-a93c-e43f2b7fe171","none","b38ff2b7-c8af-454e-b5af-ee760f0d5bca","BR","DWC_ARCHIVE","2018-11-24T12:33:20.073+0000","2018-11-24T12:33:20.082+0000",128,"none","PRESERVED_SPECIMEN",2885683,6,7707728,220,1353,8802,2885576,2885683,2885683,"Chrysophyllum rufum Mart.","Chrysophyllum rufum Mart.","Plantae","Tracheophyta","Ericales","Sapotaceae","Chrysophyllum","Chrysophyllum rufum","Chrysophyllum","rufum","SPECIES","ACCEPTED","2013-12-03T00:00:00","Paraíba",2011,8,18,"2011-08-18T00:00:00","2018-12-08T04:38:51.100+0000","http://creativecommons.org/licenses/by-nc/4.0/legalcode","none","none","none","WGS84","Magnoliopsida","BR","Brazil","JPB - Herbário Lauro Pires Xavier","BRA:UFPB:JPB:0000048936","269","JPB - Herbário Lauro Pires Xavier","Santa Rita","BR 230, Km 46","pt","JPB",1089185094,"BRA:UFPB:JPB:0000048936","Collection","Pereira, LA; Silva, JC","48936","UFPB","Universidade Federal da Paraíba, UFPB","2018-11-05T21:21:38.000+0000","Árvore ca. De 8m de altura.; DESC: Árvore ca. De 8m de altura.","Lima, FL",16,"","","SOUTH_AMERICA",0,"","","","","",NA,"","",NA,"","","","",NA,"","","","","","","","",NA,NA,"","","Santa Rita","Paraíba","brazil",4549,"Santa Rita",2513703,-35.000689,-7.065452,"PARAIBA","PB","Paraíba",-36.83226341,-7.12079672,"Paraíba","pb",-7.114167,-34.978056,"original coordinates","original coordinates OK"
"28","Chrysophyllum rufum",1213519580,-9.665278,-35.799556,"gass84","a0cb1f6e-5766-4cc5-a8a0-cfc6a22c5c3d","81114709-2a6c-4e0b-908b-cb207a8708c2","none","b38ff2b7-c8af-454e-b5af-ee760f0d5bca","BR","DWC_ARCHIVE","2018-11-23T18:21:10.922+0000","2018-11-23T18:21:10.929+0000",125,"none","PRESERVED_SPECIMEN",2885683,6,7707728,220,1353,8802,2885576,2885683,2885683,"Chrysophyllum rufum Mart.","Chrysophyllum rufum Mart.","Plantae","Tracheophyta","Ericales","Sapotaceae","Chrysophyllum","Chrysophyllum rufum","Chrysophyllum","rufum","SPECIES","ACCEPTED","none","Alagoas",2011,9,26,"2011-09-26T00:00:00","2018-11-23T18:22:04.462+0000","http://creativecommons.org/licenses/by-nc/4.0/legalcode","none","none","none","WGS84","Magnoliopsida","BR","Brazil","MAC - Herbário do Instituto do Meio Ambiente do Estado de Alagoas","BRA:IMA:MAC:0000056000","7878","MAC - Herbário do Instituto do Meio Ambiente do Estado de Alagoas","Coqueiro Seco","Floresta na encosta, Antropizada. Vegetação sobre terreno terciário. Formação de barreiras.","pt","MAC",1213519580,"BRA:IMA:MAC:0000056000","Collection","O.J.Pereira; L.F.D.Valentim; R.P.Lyra-Lemos","56000","IMA","Instituto do Meio Ambiente do Estado de Alagoas, IMA","","Planta com ca. 6 m. Flor creme esverdeada. Face abaxial da folha ferrugínea.; Mata Atlântica.","",NA,"","","",NA,"","","","","",NA,"","",NA,"","","","",NA,"","","","","","","","",NA,NA,"","","Coqueiro Seco","Alagoas","brazil",3969,"Coqueiro Seco",2702207,-35.809627,-9.641023,"ALAGOAS","AL","Alagoas",-36.62362821,-9.51494324,"Alagoas","al",-9.665278,-35.799556,"original coordinates","original coordinates OK"
"29","Chrysophyllum rufum",1077240241,-13,-41.366667,"gass84","5b5cf455-a448-4c0a-aecd-3e0956f27f10","afdd8e93-b4e3-491c-88f0-8a22834ac1a9","none","b38ff2b7-c8af-454e-b5af-ee760f0d5bca","BR","DWC_ARCHIVE","2018-12-03T14:13:45.436+0000","2018-12-03T16:16:06.269+0000",122,"none","PRESERVED_SPECIMEN",2885683,6,7707728,220,1353,8802,2885576,2885683,2885683,"Chrysophyllum rufum Mart.","Chrysophyllum rufum Mart.","Plantae","Tracheophyta","Ericales","Sapotaceae","Chrysophyllum","Chrysophyllum rufum","Chrysophyllum","rufum","SPECIES","ACCEPTED","2012-02-01T00:00:00","Bahia",2011,10,14,"2011-10-14T00:00:00","2018-12-06T14:16:38.287+0000","http://creativecommons.org/licenses/by-nc/4.0/legalcode","none","none","none","WGS84","Magnoliopsida","BR","Brazil","ALCB - Herbário Alexandre Leal Costa","BRA:UFBA:ALCB:0000102829","19133","ALCB - Herbário Alexandre Leal Costa","Mucugê","Chapada Diamantina, Atrás do cemitério Bizantino.","pt","ALCB",1077240241,"BRA:UFBA:ALCB:0000102829","Collection","Guedes, ML; Gomes, FS; Oliveira, GR de; Lisboa, MS","102829","Universidade Federal da Bahia (UFBA)","Universidade Federal da Bahia (UFBA)","2018-08-28T19:19:07.000+0000","de ca 2 m de altura, látex leitoso. Folhas coriáceas, discolores, face abaxial ferrugínea. Flores com pedicelo e cálice ferrugíneos; corola com pétalas esverdeadas.","Guedes, ML",NA,"","","SOUTH_AMERICA",NA,"","","","","",NA,"","",NA,"","","","",NA,"","","","","","","","",NA,NA,"","","Mucugê","Bahia","brazil",3451,"Mucugê",2921906,-41.469352,-13.061639,"BAHIA","BA","Bahia",-41.72018023,-12.47295682,"Bahia","ba",-13,-41.366667,"original coordinates","original coordinates OK"
"30","Chrysophyllum rufum",1094897148,-7.041944,-35.709722,"gass84,iddatunl","2e684fd6-09e2-4661-910a-0a188b610c04","60545be9-4f28-4245-b4b4-07635c8dfa54","none","b38ff2b7-c8af-454e-b5af-ee760f0d5bca","BR","DWC_ARCHIVE","2018-11-14T17:19:41.068+0000","2018-09-10T18:27:23.635+0000",124,"none","PRESERVED_SPECIMEN",2885683,6,7707728,220,1353,8802,2885576,2885683,2885683,"Chrysophyllum rufum Mart.","Chrysophyllum rufum Mart.","Plantae","Tracheophyta","Ericales","Sapotaceae","Chrysophyllum","Chrysophyllum rufum","Chrysophyllum","rufum","SPECIES","ACCEPTED","2015-02-01T00:00:00","Paraíba",2011,12,12,"2011-12-12T00:00:00","2018-09-10T18:27:49.531+0000","http://creativecommons.org/licenses/by-nc/4.0/legalcode","none","none","none","WGS84","Magnoliopsida","BR","Brazil","HUEFS - Herbario da Universidade Estadual de Feira de Santana","BRA:UEFS:HUEFS:0000180076","10888","HUEFS - Herbario da Universidade Estadual de Feira de Santana","Alagoa Nova","Brejo Paraibano. Mata do Urucu. Beira da Estrada.","pt","HUEFS",1094897148,"BRA:UEFS:HUEFS:0000180076","Collection","Melo, E.","180076","UEFS","Universidade Estadual de Feira de Santana (UEFS)","","","A.Alves-Araújo",521,"","","",0,"","","","","",NA,"","",NA,"","","","",NA,"","","","","","","","",NA,NA,"","","Alagoa Nova","Paraíba","brazil",4550,"Alagoa Nova",2500403,-35.762121,-7.063494,"PARAIBA","PB","Paraíba",-36.83226341,-7.12079672,"Paraíba","pb",-7.041944,-35.709722,"original coordinates","original coordinates OK"
"31","Chrysophyllum rufum",1264696698,-9.577219,-36.305278,"gass84","a0cb1f6e-5766-4cc5-a8a0-cfc6a22c5c3d","81114709-2a6c-4e0b-908b-cb207a8708c2","none","b38ff2b7-c8af-454e-b5af-ee760f0d5bca","BR","DWC_ARCHIVE","2018-11-23T18:21:02.825+0000","2018-11-23T18:21:02.894+0000",125,"none","PRESERVED_SPECIMEN",2885683,6,7707728,220,1353,8802,2885576,2885683,2885683,"Chrysophyllum rufum Mart.","Chrysophyllum rufum Mart.","Plantae","Tracheophyta","Ericales","Sapotaceae","Chrysophyllum","Chrysophyllum rufum","Chrysophyllum","rufum","SPECIES","ACCEPTED","2010-01-21T00:00:00","Alagoas",2010,1,21,"2010-01-21T00:00:00","2018-12-08T13:34:52.558+0000","http://creativecommons.org/licenses/by-nc/4.0/legalcode","none","none","none","WGS84","Magnoliopsida","BR","Brazil","MAC - Herbário do Instituto do Meio Ambiente do Estado de Alagoas","BRA:IMA:MAC:0000045413","6917","MAC - Herbário do Instituto do Meio Ambiente do Estado de Alagoas","Maribondo","Fazenda Boca da Mata.","pt","MAC",1264696698,"BRA:IMA:MAC:0000045413","Collection","Chagas-Mota","45413","IMA","Instituto do Meio Ambiente do Estado de Alagoas, IMA","2018-11-22T17:02:51.000+0000","Árvore ca. 10 m de altura. Estéril.; Mata Atlântica.","E.C.O.Chagas",NA,"","","",NA,"","","","","",NA,"","",NA,"","","","",NA,"","","","","","","","",NA,NA,"","","Maribondo","Alagoas","brazil",3984,"Maribondo",2704807,-36.295714,-9.558755,"ALAGOAS","AL","Alagoas",-36.62362821,-9.51494324,"Alagoas","al",-9.577219,-36.305278,"original coordinates","original coordinates OK"
"32","Chrysophyllum rufum",1077607968,-9.905278,-36.352778,"gass84","a0cb1f6e-5766-4cc5-a8a0-cfc6a22c5c3d","81114709-2a6c-4e0b-908b-cb207a8708c2","none","b38ff2b7-c8af-454e-b5af-ee760f0d5bca","BR","DWC_ARCHIVE","2018-11-23T18:21:03.969+0000","2018-11-23T18:21:04.045+0000",125,"none","PRESERVED_SPECIMEN",2885683,6,7707728,220,1353,8802,2885576,2885683,2885683,"Chrysophyllum rufum Mart.","Chrysophyllum rufum Mart.","Plantae","Tracheophyta","Ericales","Sapotaceae","Chrysophyllum","Chrysophyllum rufum","Chrysophyllum","rufum","SPECIES","ACCEPTED","none","Alagoas",2010,1,16,"2010-01-16T00:00:00","2018-12-09T10:54:59.157+0000","http://creativecommons.org/licenses/by-nc/4.0/legalcode","none","none","none","WGS84","Magnoliopsida","BR","Brazil","MAC - Herbário do Instituto do Meio Ambiente do Estado de Alagoas","BRA:IMA:MAC:0000047257","312","MAC - Herbário do Instituto do Meio Ambiente do Estado de Alagoas","Teotônio Vilela","Fazenda Madeiras.","pt","MAC",1077607968,"BRA:IMA:MAC:0000047257","Collection","F.Cavalcante; M.V.Caju; A.M.Bastos","47257","IMA","Instituto do Meio Ambiente do Estado de Alagoas, IMA","2018-11-22T17:02:51.000+0000","Árvore ca. 5m de altura. Frutos verdes e maduros. Látex alvo.; Mata Atlântica.","",NA,"","","",NA,"","","","","",NA,"","",NA,"","","","",NA,"","","","","","","","",NA,NA,"","","Teotônio Vilela","Alagoas","brazil",3921,"Teotônio Vilela",2709152,-36.371049,-9.964013,"ALAGOAS","AL","Alagoas",-36.62362821,-9.51494324,"Alagoas","al",-9.905278,-36.352778,"original coordinates","original coordinates OK"
"33","Chrysophyllum rufum",1077609326,-9.733328,-36.95,"gass84","a0cb1f6e-5766-4cc5-a8a0-cfc6a22c5c3d","81114709-2a6c-4e0b-908b-cb207a8708c2","none","b38ff2b7-c8af-454e-b5af-ee760f0d5bca","BR","DWC_ARCHIVE","2018-11-23T18:21:08.790+0000","2018-11-23T18:21:08.806+0000",125,"none","PRESERVED_SPECIMEN",2885683,6,7707728,220,1353,8802,2885576,2885683,2885683,"Chrysophyllum rufum Mart.","Chrysophyllum rufum Mart.","Plantae","Tracheophyta","Ericales","Sapotaceae","Chrysophyllum","Chrysophyllum rufum","Chrysophyllum","rufum","SPECIES","ACCEPTED","none","Alagoas",2010,8,22,"2010-08-22T00:00:00","2018-12-09T10:54:59.801+0000","http://creativecommons.org/licenses/by-nc/4.0/legalcode","none","none","none","WGS84","Magnoliopsida","BR","Brazil","MAC - Herbário do Instituto do Meio Ambiente do Estado de Alagoas","BRA:IMA:MAC:0000053298","13257","MAC - Herbário do Instituto do Meio Ambiente do Estado de Alagoas","Traipu.","Serra das Mãos.","pt","MAC",1077609326,"BRA:IMA:MAC:0000053298","Collection","R.P.Lyra-Lemos; M.C.S.Mota; A.S.Costa","53298","IMA","Instituto do Meio Ambiente do Estado de Alagoas, IMA","2018-11-22T17:02:51.000+0000","Árvore.; Caatinga.","M.C.S. Mota",NA,"","","",NA,"","","","","",NA,"","",NA,"","","","",NA,"","","","","","","","",NA,NA,"","","Traipu.","Alagoas","brazil",NA,"",NA,NA,NA,"","","Alagoas",-36.62362821,-9.51494324,"Alagoas","al",-9.733328,-36.95,"original coordinates","original coordinates outside municipality original in traipu. falls in traipu"
"34","Chrysophyllum rufum",1089180917,-7.834444,-34.906139,"gass84","c9bc6b8d-a4ff-4a47-9cff-d0d1b9e548c7","f4cf14c8-58db-4947-a93c-e43f2b7fe171","none","b38ff2b7-c8af-454e-b5af-ee760f0d5bca","BR","DWC_ARCHIVE","2018-11-24T12:33:16.013+0000","2018-08-03T12:13:41.140+0000",128,"none","PRESERVED_SPECIMEN",2885683,6,7707728,220,1353,8802,2885576,2885683,2885683,"Chrysophyllum rufum Mart.","Chrysophyllum rufum Mart.","Plantae","Tracheophyta","Ericales","Sapotaceae","Chrysophyllum","Chrysophyllum rufum","Chrysophyllum","rufum","SPECIES","ACCEPTED","2013-01-01T00:00:00","Pernambuco",2010,8,23,"2010-08-23T00:00:00","2018-12-08T04:38:49.216+0000","http://creativecommons.org/licenses/by-nc/4.0/legalcode","none","none","none","WGS84","Magnoliopsida","BR","Brazil","JPB - Herbário Lauro Pires Xavier","BRA:UFPB:JPB:0000044664","27","JPB - Herbário Lauro Pires Xavier","Igarassu","Usina São José, Mata de Piedade.","pt","JPB",1089180917,"BRA:UFPB:JPB:0000044664","Collection","Chagas, MA; Cavalcanti, D; Viana, JL; Santos, SO","44664","UFPB","Universidade Federal da Paraíba, UFPB","2018-07-26T14:14:22.000+0000","","Pennington, TD",19,"","","SOUTH_AMERICA",0,"","","","","",NA,"","",NA,"","","","",NA,"","","","","","","","",NA,NA,"","","Igarassu","Pernambuco","brazil",4313,"Igarassu",2606804,-34.960275,-7.817322,"PERNAMBUCO","PE","Pernambuco",-37.99303622,-8.3240949,"Pernambuco","pe",-7.834444,-34.906139,"original coordinates","original coordinates OK"
"35","Chrysophyllum rufum",1587315347,-10.532336,-36.604686,"gass84","a0cb1f6e-5766-4cc5-a8a0-cfc6a22c5c3d","81114709-2a6c-4e0b-908b-cb207a8708c2","none","b38ff2b7-c8af-454e-b5af-ee760f0d5bca","BR","DWC_ARCHIVE","2018-11-23T18:21:06.408+0000","2018-11-23T18:21:06.485+0000",125,"none","PRESERVED_SPECIMEN",2885683,6,7707728,220,1353,8802,2885576,2885683,2885683,"Chrysophyllum rufum Mart.","Chrysophyllum rufum Mart.","Plantae","Tracheophyta","Ericales","Sapotaceae","Chrysophyllum","Chrysophyllum rufum","Chrysophyllum","rufum","SPECIES","ACCEPTED","2010-10-23T00:00:00","Alagoas",2010,10,23,"2010-10-23T00:00:00","2018-11-23T18:21:55.155+0000","http://creativecommons.org/licenses/by-nc/4.0/legalcode","none","none","none","WGS84","Magnoliopsida","BR","Brazil","MAC - Herbário do Instituto do Meio Ambiente do Estado de Alagoas","BRA:IMA:MAC:0000050160","9199","MAC - Herbário do Instituto do Meio Ambiente do Estado de Alagoas","Teotônio Vilela","Usina Seresta, Reserva Gulandi.","pt","MAC",1587315347,"BRA:IMA:MAC:0000050160","Collection","Chagas-Mota; J.W.A.Silva; C.Couto","50160","IMA","Instituto do Meio Ambiente do Estado de Alagoas, IMA","","Árvore ca. 5 m de altura. Frutos marrons.; Mata Atlântica.","E.C.O.Chagas",NA,"","","",NA,"","","","","",NA,"","",NA,"","","","",NA,"","","","","","","","",NA,NA,"","","Teotônio Vilela","Alagoas","brazil",3921,"Teotônio Vilela",2709152,-36.371049,-9.964013,"ALAGOAS","AL","Alagoas",-36.62362821,-9.51494324,"Alagoas","al",-10.532336,-36.604686,"original coordinates","original coordinates outside municipality original in teotonio vilela falls in pacatuba"
"36","Chrysophyllum rufum",1077605364,-9.971222,-37.003669,"gass84","a0cb1f6e-5766-4cc5-a8a0-cfc6a22c5c3d","81114709-2a6c-4e0b-908b-cb207a8708c2","none","b38ff2b7-c8af-454e-b5af-ee760f0d5bca","BR","DWC_ARCHIVE","2018-11-23T18:20:56.811+0000","2018-11-23T18:20:56.980+0000",125,"none","PRESERVED_SPECIMEN",2885683,6,7707728,220,1353,8802,2885576,2885683,2885683,"Chrysophyllum rufum Mart.","Chrysophyllum rufum Mart.","Plantae","Tracheophyta","Ericales","Sapotaceae","Chrysophyllum","Chrysophyllum rufum","Chrysophyllum","rufum","SPECIES","ACCEPTED","none","Alagoas",2009,2,22,"2009-02-22T00:00:00","2018-12-09T10:54:58.145+0000","http://creativecommons.org/licenses/by-nc/4.0/legalcode","none","none","none","WGS84","Magnoliopsida","BR","Brazil","MAC - Herbário do Instituto do Meio Ambiente do Estado de Alagoas","BRA:IMA:MAC:0000038493","11865","MAC - Herbário do Instituto do Meio Ambiente do Estado de Alagoas","Traipu","Mata das Amesclas.","pt","MAC",1077605364,"BRA:IMA:MAC:0000038493","Collection","R.P.Lyra-Lemos; E.C.O.Chagas; M.C.S.Mota","38493","IMA","Instituto do Meio Ambiente do Estado de Alagoas, IMA","2018-11-22T17:02:51.000+0000","Árvore ca. de 5m de altura. Estéril.; Brejo de Altitude.","F.Cavalcante",NA,"","","",NA,"","","","","",NA,"","",NA,"","","","",NA,"","","","","","","","",NA,NA,"","","Traipu","Alagoas","brazil",3930,"Traipu",2709202,-36.968456,-9.897179,"ALAGOAS","AL","Alagoas",-36.62362821,-9.51494324,"Alagoas","al",-9.971222,-37.003669,"original coordinates","original coordinates OK"
"37","Chrysophyllum rufum",1077231336,-12.866667,-38.75,"gass84","5b5cf455-a448-4c0a-aecd-3e0956f27f10","afdd8e93-b4e3-491c-88f0-8a22834ac1a9","none","b38ff2b7-c8af-454e-b5af-ee760f0d5bca","BR","DWC_ARCHIVE","2018-12-03T14:13:40.096+0000","2018-12-03T16:16:20.485+0000",122,"none","PRESERVED_SPECIMEN",2885683,6,7707728,220,1353,8802,2885576,2885683,2885683,"Chrysophyllum rufum Mart.","Chrysophyllum rufum Mart.","Plantae","Tracheophyta","Ericales","Sapotaceae","Chrysophyllum","Chrysophyllum rufum","Chrysophyllum","rufum","SPECIES","ACCEPTED","2009-07-01T00:00:00","Bahia",2009,4,24,"2009-04-24T00:00:00","2018-12-06T14:16:34.773+0000","http://creativecommons.org/licenses/by-nc/4.0/legalcode","none","none","none","WGS84","Magnoliopsida","BR","Brazil","ALCB - Herbário Alexandre Leal Costa","BRA:UFBA:ALCB:0000088743","14769","ALCB - Herbário Alexandre Leal Costa","Salinas da Margarida","Recôncavo Sul, Projeto de Carsinocultura","pt","ALCB",1077231336,"BRA:UFBA:ALCB:0000088743","Collection","Guedes, ML; et al.","88743","Universidade Federal da Bahia (UFBA)","Universidade Federal da Bahia (UFBA)","2018-08-28T19:19:07.000+0000","de ca 8 m de altura, látex alvo. Folhas discolores, com a face adaxial verde brilhante e abaxial ferrugínea. Flores com botões ferrugíneos e frutos jovens.","Guedes, ML",NA,"","","SOUTH_AMERICA",NA,"","","","","",NA,"","",NA,"","","","",NA,"","","","","","","","",NA,NA,"","","Salinas da Margarida","Bahia","brazil",3471,"Salinas da Margarida",2927309,-38.7609,-12.893643,"BAHIA","BA","Bahia",-41.72018023,-12.47295682,"Bahia","ba",-12.866667,-38.75,"original coordinates","original coordinates OK"
"38","Chrysophyllum rufum",1087077274,-8.15,-35.755,"gass84","1e0f3d99-eb02-4806-b6a4-e903568129ec","b7ea834f-8d60-40ea-ab2c-5057000f0afd","none","b38ff2b7-c8af-454e-b5af-ee760f0d5bca","BR","DWC_ARCHIVE","2018-11-24T12:36:32.666+0000","2017-12-29T14:34:40.067+0000",123,"none","PRESERVED_SPECIMEN",2885683,6,7707728,220,1353,8802,2885576,2885683,2885683,"Chrysophyllum rufum Mart.","Chrysophyllum rufum Mart.","Plantae","Tracheophyta","Ericales","Sapotaceae","Chrysophyllum","Chrysophyllum rufum","Chrysophyllum","rufum","SPECIES","ACCEPTED","2009-06-12T00:00:00","Pernambuco",2009,6,12,"2009-06-12T00:00:00","2018-12-08T13:02:22.800+0000","http://creativecommons.org/licenses/by-nc/4.0/legalcode","none","none","none","WGS84","Magnoliopsida","BR","Brazil","UFP - Herbário UFP - Geraldo Mariz","BRA:UFPE:UFP:0000063364","1320","UFP - Herbário UFP - Geraldo Mariz","Bezerros","Parque Ecológica Serra Negra-Brejo de altitude.","pt","UFP",1087077274,"BRA:UFPE:UFP:0000063364","Collection","Araújo, A.A.","63364","UFPE","Universidade Federal de Pernambuco, UFPE","2014-01-31T19:45:11.000+0000","DESC:Árvore 7-8m de altura. Botões creme. Látex alvo, abundante.;","Araújo, A.A.",820,"","","",0,"","","","","",NA,"","",NA,"","","","",0,"","","","","","","","",NA,NA,"","","Bezerros","Pernambuco","brazil",4226,"Bezerros",2601904,-35.783663,-8.220704,"PERNAMBUCO","PE","Pernambuco",-37.99303622,-8.3240949,"Pernambuco","pe",-8.15,-35.755,"original coordinates","original coordinates OK"
"39","Chrysophyllum rufum",1944854014,-10.125,-36.17615,"gass84","a0cb1f6e-5766-4cc5-a8a0-cfc6a22c5c3d","81114709-2a6c-4e0b-908b-cb207a8708c2","none","b38ff2b7-c8af-454e-b5af-ee760f0d5bca","BR","DWC_ARCHIVE","2018-11-23T18:20:58.429+0000","2018-11-23T18:20:58.459+0000",125,"none","PRESERVED_SPECIMEN",2885683,6,7707728,220,1353,8802,2885576,2885683,2885683,"Chrysophyllum rufum Mart.","Chrysophyllum rufum Mart.","Plantae","Tracheophyta","Ericales","Sapotaceae","Chrysophyllum","Chrysophyllum rufum","Chrysophyllum","rufum","SPECIES","ACCEPTED","none","Alagoas",2009,8,29,"2009-08-29T00:00:00","2018-11-23T18:21:41.337+0000","http://creativecommons.org/licenses/by-nc/4.0/legalcode","none","none","none","WGS84","Magnoliopsida","BR","Brazil","MAC - Herbário do Instituto do Meio Ambiente do Estado de Alagoas","BRA:IMA:MAC:0000040832","12479","MAC - Herbário do Instituto do Meio Ambiente do Estado de Alagoas","Coruripe","Fazenda Capiatã.","pt","MAC",1944854014,"BRA:IMA:MAC:0000040832","Collection","R.P.Lyra-Lemos; F.Cavalcante","40832","IMA","Instituto do Meio Ambiente do Estado de Alagoas, IMA","","Árvore ca. 15 m. Flores creme-esverdeadas. Látex alvo.; Mata Atlântica.","R.P.Lyra-Lemos",NA,"","","",NA,"","","","","",NA,"","",NA,"","","","",NA,"","","","","","","","",NA,NA,"","","Coruripe","Alagoas","brazil",3899,"Coruripe",2702306,-36.229105,-10.082243,"ALAGOAS","AL","Alagoas",-36.62362821,-9.51494324,"Alagoas","al",-10.125,-36.17615,"original coordinates","original coordinates OK"
"40","Chrysophyllum rufum",1587312096,-9.9361,-36.554169,"gass84","a0cb1f6e-5766-4cc5-a8a0-cfc6a22c5c3d","81114709-2a6c-4e0b-908b-cb207a8708c2","none","b38ff2b7-c8af-454e-b5af-ee760f0d5bca","BR","DWC_ARCHIVE","2018-11-23T18:21:02.046+0000","2018-11-23T18:21:02.085+0000",125,"none","PRESERVED_SPECIMEN",2885683,6,7707728,220,1353,8802,2885576,2885683,2885683,"Chrysophyllum rufum Mart.","Chrysophyllum rufum Mart.","Plantae","Tracheophyta","Ericales","Sapotaceae","Chrysophyllum","Chrysophyllum rufum","Chrysophyllum","rufum","SPECIES","ACCEPTED","2009-10-04T00:00:00","Alagoas",2009,10,4,"2009-10-04T00:00:00","2018-11-23T18:21:48.387+0000","http://creativecommons.org/licenses/by-nc/4.0/legalcode","none","none","none","WGS84","Magnoliopsida","BR","Brazil","MAC - Herbário do Instituto do Meio Ambiente do Estado de Alagoas","BRA:IMA:MAC:0000044583","6087","MAC - Herbário do Instituto do Meio Ambiente do Estado de Alagoas","São Sebastião","Fazenda Indiana.","pt","MAC",1587312096,"BRA:IMA:MAC:0000044583","Collection","Chagas-Mota; V.G.Ramalho","44583","IMA","Instituto do Meio Ambiente do Estado de Alagoas, IMA","","Árvore ca. 6 m de altura. Flores verdes.; Mata Atlântica.","E.C.O.Chagas",NA,"","","",NA,"","","","","",NA,"","",NA,"","","","",NA,"","","","","","","","",NA,NA,"","","São Sebastião","Alagoas","brazil",3922,"São Sebastião",2708808,-36.54989,-9.9635,"ALAGOAS","AL","Alagoas",-36.62362821,-9.51494324,"Alagoas","al",-9.9361,-36.554169,"original coordinates","original coordinates OK"
"41","Chrysophyllum rufum",1077603615,-9.411286,-36.629389,"gass84","a0cb1f6e-5766-4cc5-a8a0-cfc6a22c5c3d","81114709-2a6c-4e0b-908b-cb207a8708c2","none","b38ff2b7-c8af-454e-b5af-ee760f0d5bca","BR","DWC_ARCHIVE","2018-11-23T18:20:51.967+0000","2018-11-23T18:20:52.149+0000",125,"none","PRESERVED_SPECIMEN",2885683,6,7707728,220,1353,8802,2885576,2885683,2885683,"Chrysophyllum rufum Mart.","Chrysophyllum rufum Mart.","Plantae","Tracheophyta","Ericales","Sapotaceae","Chrysophyllum","Chrysophyllum rufum","Chrysophyllum","rufum","SPECIES","ACCEPTED","none","Alagoas",2008,4,5,"2008-04-05T00:00:00","2018-12-09T10:54:57.502+0000","http://creativecommons.org/licenses/by-nc/4.0/legalcode","none","none","none","WGS84","Magnoliopsida","BR","Brazil","MAC - Herbário do Instituto do Meio Ambiente do Estado de Alagoas","BRA:IMA:MAC:0000032398","11091","MAC - Herbário do Instituto do Meio Ambiente do Estado de Alagoas","Palmeira dos Índios","Serra das Pias, Fazenda Boa Sorte.","pt","MAC",1077603615,"BRA:IMA:MAC:0000032398","Collection","R.P.Lyra-Lemos; S.P.Gomes; G.B.Araujo","32398","IMA","Instituto do Meio Ambiente do Estado de Alagoas, IMA","2018-11-22T17:02:51.000+0000","Árvore ca. de 5m de altura.; Mata serrana de brejo de altitude.","",NA,"","","",NA,"","","","","",NA,"","",NA,"","","","",NA,"","","","","","","","",NA,NA,"","","Palmeira dos Índios","Alagoas","brazil",4012,"Palmeira dos Índios",2706307,-36.606883,-9.416509,"ALAGOAS","AL","Alagoas",-36.62362821,-9.51494324,"Alagoas","al",-9.411286,-36.629389,"original coordinates","original coordinates OK"
"42","Chrysophyllum rufum",1087073859,-8.381944,-35.843944,"cdround,gass84","1e0f3d99-eb02-4806-b6a4-e903568129ec","b7ea834f-8d60-40ea-ab2c-5057000f0afd","none","b38ff2b7-c8af-454e-b5af-ee760f0d5bca","BR","DWC_ARCHIVE","2018-11-24T12:36:30.840+0000","2017-12-29T14:34:27.287+0000",123,"none","PRESERVED_SPECIMEN",2885683,6,7707728,220,1353,8802,2885576,2885683,2885683,"Chrysophyllum rufum Mart.","Chrysophyllum rufum Mart.","Plantae","Tracheophyta","Ericales","Sapotaceae","Chrysophyllum","Chrysophyllum rufum","Chrysophyllum","rufum","SPECIES","ACCEPTED","2009-04-13T00:00:00","Pernambuco",2008,7,25,"2008-07-25T00:00:00","2018-12-08T13:02:21.284+0000","http://creativecommons.org/licenses/by-nc/4.0/legalcode","none","none","none","WGS84","Magnoliopsida","BR","Brazil","UFP - Herbário UFP - Geraldo Mariz","BRA:UFPE:UFP:0000055586","855","UFP - Herbário UFP - Geraldo Mariz","Caruaru","Pedra do Guariba","pt","UFP",1087073859,"BRA:UFPE:UFP:0000055586","Collection","Gomes, P.","55586","UFPE","Universidade Federal de Pernambuco, UFPE","2014-01-31T19:45:11.000+0000","HABITAT:Agrestina.; DESC:Arvoreta ca. de 3m de altura, botões florais castanhos; face abaxial das folhas castanhas.;","Araújo, A.A.",640,"","","",0,"","","","","",NA,"","",NA,"","","","",0,"","","","","","","","",NA,NA,"","","Caruaru","Pernambuco","brazil",4236,"Caruaru",2604106,-36.017298,-8.17911,"PERNAMBUCO","PE","Pernambuco",-37.99303622,-8.3240949,"Pernambuco","pe",-8.381944,-35.843944,"original coordinates","original coordinates outside municipality original in caruaru falls in sao joaquim do monte"
"43","Chrysophyllum rufum",1087695642,-11.304369,-37.344713,"gass84","76823beb-2f33-47a6-96a1-ccd2df47ac28","9243118c-e750-412b-91f4-ac987666eee1","none","b38ff2b7-c8af-454e-b5af-ee760f0d5bca","BR","DWC_ARCHIVE","2018-11-23T18:47:03.166+0000","2018-09-24T19:50:15.798+0000",132,"none","PRESERVED_SPECIMEN",2885683,6,7707728,220,1353,8802,2885576,2885683,2885683,"Chrysophyllum rufum Mart.","Chrysophyllum rufum Mart.","Plantae","Tracheophyta","Ericales","Sapotaceae","Chrysophyllum","Chrysophyllum rufum","Chrysophyllum","rufum","SPECIES","ACCEPTED","2015-06-17T00:00:00","Sergipe",2008,11,24,"2008-11-24T00:00:00","2018-12-08T13:06:02.861+0000","http://creativecommons.org/licenses/by-nc/4.0/legalcode","none","none","none","WGS84","Magnoliopsida","BR","Brazil","ASE - Herbário da Universidade Federal de Sergipe","BRA:UFS:ASE:0000033301","ASE33301","ASE - Herbário da Universidade Federal de Sergipe","Indiaroba","P.A. SEPÉ-TIARAJU II","pt","ASE",1087695642,"BRA:UFS:ASE:0000033301","Collection","Gomes, C","33301","Universidade Federal de Sergipe, UFS","Universidade Federal de Sergipe, UFS","2018-08-31T18:31:29.000+0000","Mata Atlântica.","Andrade, RS",NA,"","","SOUTH_AMERICA",NA,"","","","","",NA,"","",NA,"","","","",NA,"","","","","","","","",NA,NA,"","","Indiaroba","Sergipe","brazil",3673,"Indiaroba",2802809,-37.528642,-11.475296,"SERGIPE","SE","Sergipe",-37.44360505,-10.583842,"Sergipe","se",-11.304369,-37.344713,"original coordinates","original coordinates outside municipality original in indiaroba falls in estancia"
"44","Chrysophyllum rufum",1094835955,-13.890833,-40.122222,"gass84","2e684fd6-09e2-4661-910a-0a188b610c04","60545be9-4f28-4245-b4b4-07635c8dfa54","none","b38ff2b7-c8af-454e-b5af-ee760f0d5bca","BR","DWC_ARCHIVE","2018-11-14T17:19:01.856+0000","2018-09-10T18:26:51.585+0000",124,"none","PRESERVED_SPECIMEN",2885683,6,7707728,220,1353,8802,2885576,2885683,2885683,"Chrysophyllum rufum Mart.","Chrysophyllum rufum Mart.","Plantae","Tracheophyta","Ericales","Sapotaceae","Chrysophyllum","Chrysophyllum rufum","Chrysophyllum","rufum","SPECIES","ACCEPTED","none","Bahia",2007,4,13,"2007-04-13T00:00:00","2018-09-10T18:27:06.533+0000","http://creativecommons.org/licenses/by-nc/4.0/legalcode","none","none","none","WGS84","Magnoliopsida","BR","Brazil","HUEFS - Herbario da Universidade Estadual de Feira de Santana","BRA:UEFS:HUEFS:0000118454","12957","HUEFS - Herbario da Universidade Estadual de Feira de Santana","Jequié","Morro da Torre.","pt","HUEFS",1094835955,"BRA:UEFS:HUEFS:0000118454","Collection","Queiroz, L.P.de","118454","UEFS","Universidade Estadual de Feira de Santana (UEFS)","","Floresta estacional com caatinga na base.","",671,"","","",0,"","","","","",NA,"","",NA,"","","","",NA,"","","","","","","","",NA,NA,"","","Jequié","Bahia","brazil",3357,"Jequié",2918001,-40.159646,-13.871669,"BAHIA","BA","Bahia",-41.72018023,-12.47295682,"Bahia","ba",-13.890833,-40.122222,"original coordinates","original coordinates OK"
"45","Chrysophyllum rufum",1077602903,-9.3935,-37.720675,"gass84","a0cb1f6e-5766-4cc5-a8a0-cfc6a22c5c3d","81114709-2a6c-4e0b-908b-cb207a8708c2","none","b38ff2b7-c8af-454e-b5af-ee760f0d5bca","BR","DWC_ARCHIVE","2018-11-23T18:20:51.004+0000","2018-11-23T18:20:51.193+0000",125,"none","PRESERVED_SPECIMEN",2885683,6,7707728,220,1353,8802,2885576,2885683,2885683,"Chrysophyllum rufum Mart.","Chrysophyllum rufum Mart.","Plantae","Tracheophyta","Ericales","Sapotaceae","Chrysophyllum","Chrysophyllum rufum","Chrysophyllum","rufum","SPECIES","ACCEPTED","none","Alagoas",2007,8,26,"2007-08-26T00:00:00","2018-12-09T10:54:57.276+0000","http://creativecommons.org/licenses/by-nc/4.0/legalcode","none","none","none","WGS84","Magnoliopsida","BR","Brazil","MAC - Herbário do Instituto do Meio Ambiente do Estado de Alagoas","BRA:IMA:MAC:0000030974","10573","MAC - Herbário do Instituto do Meio Ambiente do Estado de Alagoas","Mata Grande","Estrada de Mata Grande para Sta Cruz.","pt","MAC",1077602903,"BRA:IMA:MAC:0000030974","Collection","R.P.Lyra-Lemos; et al.","30974","IMA","Instituto do Meio Ambiente do Estado de Alagoas, IMA","2018-11-22T17:02:50.000+0000","Árvore ca. de 18m de altura. Botões jovens.; Mata Serrana de Brejo de altitude.","",NA,"","","",NA,"","","","","",NA,"","",NA,"","","","",NA,"","","","","","","","",NA,NA,"","","Mata Grande","Alagoas","brazil",4083,"Mata Grande",2705002,-37.759522,-9.055647,"ALAGOAS","AL","Alagoas",-36.62362821,-9.51494324,"Alagoas","al",-9.3935,-37.720675,"original coordinates","original coordinates outside municipality original in mata grande falls in piranhas"
"46","Chrysophyllum rufum",1077602883,-9.762544,-36.132811,"gass84","a0cb1f6e-5766-4cc5-a8a0-cfc6a22c5c3d","81114709-2a6c-4e0b-908b-cb207a8708c2","none","b38ff2b7-c8af-454e-b5af-ee760f0d5bca","BR","DWC_ARCHIVE","2018-11-23T18:20:50.943+0000","2018-11-23T18:20:51.157+0000",125,"none","PRESERVED_SPECIMEN",2885683,6,7707728,220,1353,8802,2885576,2885683,2885683,"Chrysophyllum rufum Mart.","Chrysophyllum rufum Mart.","Plantae","Tracheophyta","Ericales","Sapotaceae","Chrysophyllum","Chrysophyllum rufum","Chrysophyllum","rufum","SPECIES","ACCEPTED","2009-01-01T00:00:00","Alagoas",2007,8,24,"2007-08-24T00:00:00","2018-12-09T10:54:57.331+0000","http://creativecommons.org/licenses/by-nc/4.0/legalcode","none","none","none","WGS84","Magnoliopsida","BR","Brazil","MAC - Herbário do Instituto do Meio Ambiente do Estado de Alagoas","BRA:IMA:MAC:0000030850","1012","MAC - Herbário do Instituto do Meio Ambiente do Estado de Alagoas","São Miguel dos Campos","Mata pertencente a CIMPOR.","pt","MAC",1077602883,"BRA:IMA:MAC:0000030850","Collection","I.A.Bayma","30850","IMA","Instituto do Meio Ambiente do Estado de Alagoas, IMA","2018-11-22T17:02:50.000+0000","Árvore ca. 4 m de altura. Botões verdes.; Mata Atlântica secundária.","F.Cavalcante",NA,"","","",NA,"","","","","",NA,"","",NA,"","","","",NA,"","","","","","","","",NA,NA,"","","São Miguel dos Campos","Alagoas","brazil",3948,"São Miguel dos Campos",2708600,-36.097101,-9.766314,"ALAGOAS","AL","Alagoas",-36.62362821,-9.51494324,"Alagoas","al",-9.762544,-36.132811,"original coordinates","original coordinates OK"
"47","Chrysophyllum rufum",1123825265,-13.120556,-39.884167,"gass84","9129ec89-afa7-45af-8b73-509f1f8942ab","667644b9-7b93-4892-80c7-c4271735c515","none","b38ff2b7-c8af-454e-b5af-ee760f0d5bca","BR","DWC_ARCHIVE","2018-10-11T11:54:55.180+0000","2017-12-15T16:34:48.747+0000",129,"none","PRESERVED_SPECIMEN",2885683,6,7707728,220,1353,8802,2885576,2885683,2885683,"Chrysophyllum rufum Mart.","Chrysophyllum rufum Mart.","Plantae","Tracheophyta","Ericales","Sapotaceae","Chrysophyllum","Chrysophyllum rufum","Chrysophyllum","rufum","SPECIES","ACCEPTED","none","Bahia",2007,11,17,"2007-11-17T00:00:00","2018-12-08T12:05:01.775+0000","http://creativecommons.org/licenses/by-nc/4.0/legalcode","none","none","none","WGS84","Magnoliopsida","BR","Brazil","MBML-Herbario - Herbário Mello Leitão","BRA:MBML:MBML-HERBARIO:0000042556","1855","MBML-Herbario - Herbário Mello Leitão","Brejões","Faz. Lagoa do Morro. Mata seca.","pt","MBML-HERBARIO",1123825265,"BRA:MBML:MBML-HERBARIO:0000042556","Collection","F.M. Ferreira; R. Perdiz, L.C. Gomes, J. Jardim, J. Paixão & A.M. Amorim","42556","MBML","Museu de Biologia Professor Mello Leitão, MBML","2017-09-14T14:51:37.000+0000","Erva ca 10m, folhas discolores, frutos verdes","B.G. Sossai/16-08-2016",844,"","","",0,"","","","","",NA,"","",NA,"","","","",NA,"","","","","","","","",NA,NA,"","","Brejões","Bahia","brazil",3449,"Brejões",2904308,-39.857451,-13.075851,"BAHIA","BA","Bahia",-41.72018023,-12.47295682,"Bahia","ba",-13.120556,-39.884167,"original coordinates","original coordinates OK"
"48","Chrysophyllum rufum",1424388274,-13.479167,-40.281944,"cdround,gass84","4300f8d5-1ae5-49e5-a101-63894b005868","838537fc-4aeb-4980-8b58-97fbdcd1d91a","none","da7fe11a-b42c-46cb-9e9d-02243edb738a","BR","DWC_ARCHIVE","2018-10-02T15:41:54.183+0000","2018-09-24T20:03:00.923+0000",207,"none","PRESERVED_SPECIMEN",2885683,6,7707728,220,1353,8802,2885576,2885683,2885683,"Chrysophyllum rufum Mart.","Chrysophyllum rufum Mart.","Plantae","Tracheophyta","Ericales","Sapotaceae","Chrysophyllum","Chrysophyllum rufum","Chrysophyllum","rufum","SPECIES","ACCEPTED","none","Bahia",2007,11,3,"2007-11-03T00:00:00","2018-12-06T16:59:56.265+0000","http://creativecommons.org/licenses/by/4.0/legalcode","none","none","none","WGS84","Magnoliopsida","BR","Brazil","Rio de Janeiro Botanical Garden","urn:catalog:JBRJ:RB:683352","1738","RB - Rio de Janeiro Botanical Garden Herbarium Collection","Maracás","17,9 km. antes do trevo de Maracás, ramal à direita da BR-026.","","RB",1424388274,"urn:catalog:JBRJ:RB:683352","PhysicalObject","F.M. Ferreira; L.C. Gomes, M. Garcia & A. Amorim","RB00683352","JBRJ","","2017-10-18T14:29:03.743+0000","Árvore ca. 10 m. alt.; Folhas discolores; Frutos verdes.","A. Alves Araújo",861,"RB 534438","","",NA,"","","","","",NA,"","",NA,"","","","",NA,"","","","","","","","",NA,NA,"","","Maracás","Bahia","brazil",3404,"Maracás",2920502,-40.553066,-13.497374,"BAHIA","BA","Bahia",-41.72018023,-12.47295682,"Bahia","ba",-13.479167,-40.281944,"original coordinates","original coordinates outside municipality original in maracas falls in lajedo do tabocal"
"49","Chrysophyllum rufum",1913584979,-11.056631,-37.204689,"gass84","a0cb1f6e-5766-4cc5-a8a0-cfc6a22c5c3d","81114709-2a6c-4e0b-908b-cb207a8708c2","none","b38ff2b7-c8af-454e-b5af-ee760f0d5bca","BR","DWC_ARCHIVE","2018-11-23T18:20:49.785+0000","2018-11-23T18:20:49.995+0000",125,"none","PRESERVED_SPECIMEN",2885683,6,7707728,220,1353,8802,2885576,2885683,2885683,"Chrysophyllum rufum Mart.","Chrysophyllum rufum Mart.","Plantae","Tracheophyta","Ericales","Sapotaceae","Chrysophyllum","Chrysophyllum rufum","Chrysophyllum","rufum","SPECIES","ACCEPTED","none","Sergipe",2007,NA,NA,"2007-01-01T00:00:00","2018-12-10T13:35:49.334+0000","http://creativecommons.org/licenses/by-nc/4.0/legalcode","none","none","none","WGS84","Magnoliopsida","BR","Brazil","MAC - Herbário do Instituto do Meio Ambiente do Estado de Alagoas","BRA:IMA:MAC:0000029148","s.n.","MAC - Herbário do Instituto do Meio Ambiente do Estado de Alagoas","São Cristovão","Campus UFS.","pt","MAC",1913584979,"BRA:IMA:MAC:0000029148","Collection","Robério","29148","IMA","Instituto do Meio Ambiente do Estado de Alagoas, IMA","2018-11-22T17:02:50.000+0000","Árvore ca. 8 m. Inflorescência com botões cremes.","",NA,"","","",NA,"","","","","",NA,"","",NA,"","","","",NA,"","","","","","","","",NA,NA,"","","São Cristovão","Sergipe","brazil",3751,"São Cristóvão",2806701,-37.219589,-10.961177,"SERGIPE","SE","Sergipe",-37.44360505,-10.583842,"Sergipe","se",-11.056631,-37.204689,"original coordinates","original coordinates OK"
"50","Chrysophyllum rufum",1094822831,-12.3025,-40.487778,"gass84,iddatunl","2e684fd6-09e2-4661-910a-0a188b610c04","60545be9-4f28-4245-b4b4-07635c8dfa54","none","b38ff2b7-c8af-454e-b5af-ee760f0d5bca","BR","DWC_ARCHIVE","2018-11-14T17:18:52.936+0000","2018-09-10T18:26:44.823+0000",124,"none","PRESERVED_SPECIMEN",2885683,6,7707728,220,1353,8802,2885576,2885683,2885683,"Chrysophyllum rufum Mart.","Chrysophyllum rufum Mart.","Plantae","Tracheophyta","Ericales","Sapotaceae","Chrysophyllum","Chrysophyllum rufum","Chrysophyllum","rufum","SPECIES","ACCEPTED","2006-01-01T00:00:00","Bahia",2006,1,17,"2006-01-17T00:00:00","2018-09-10T18:26:57.533+0000","http://creativecommons.org/licenses/by-nc/4.0/legalcode","none","none","none","WGS84","Magnoliopsida","BR","Brazil","HUEFS - Herbario da Universidade Estadual de Feira de Santana","BRA:UEFS:HUEFS:0000105127","12048","HUEFS - Herbario da Universidade Estadual de Feira de Santana","Rui Barbosa","Serra do Orobó. Trilha para o Pátio das Orquídeas.","pt","HUEFS",1094822831,"BRA:UEFS:HUEFS:0000105127","Collection","Queiroz, L.P.de","105127","UEFS","Universidade Estadual de Feira de Santana (UEFS)","","Floresta estacional semidecídua.","D.Cardoso",230,"","","",0,"","","","","",NA,"","",NA,"","","","",NA,"","","","","","","","",NA,NA,"","","Rui Barbosa","Bahia","brazil",NA,"",NA,NA,NA,"","","Bahia",-41.72018023,-12.47295682,"Bahia","ba",-12.3025,-40.487778,"original coordinates","original coordinates outside municipality original in rui barbosa falls in ruy barbosa"
"51","Chrysophyllum rufum",1077600012,-9.411286,-36.629389,"gass84","a0cb1f6e-5766-4cc5-a8a0-cfc6a22c5c3d","81114709-2a6c-4e0b-908b-cb207a8708c2","none","b38ff2b7-c8af-454e-b5af-ee760f0d5bca","BR","DWC_ARCHIVE","2018-11-23T18:20:47.917+0000","2018-11-23T18:20:48.001+0000",125,"none","PRESERVED_SPECIMEN",2885683,6,7707728,220,1353,8802,2885576,2885683,2885683,"Chrysophyllum rufum Mart.","Chrysophyllum rufum Mart.","Plantae","Tracheophyta","Ericales","Sapotaceae","Chrysophyllum","Chrysophyllum rufum","Chrysophyllum","rufum","SPECIES","ACCEPTED","none","Alagoas",2006,8,17,"2006-08-17T00:00:00","2018-12-09T10:54:55.929+0000","http://creativecommons.org/licenses/by-nc/4.0/legalcode","none","none","none","WGS84","Magnoliopsida","BR","Brazil","MAC - Herbário do Instituto do Meio Ambiente do Estado de Alagoas","BRA:IMA:MAC:0000025008","9722","MAC - Herbário do Instituto do Meio Ambiente do Estado de Alagoas","Palmeira dos Índios","Serra das Pias, Próximo ao bálsamo.","pt","MAC",1077600012,"BRA:IMA:MAC:0000025008","Collection","R.P.Lyra-Lemos; Santos, MR dos","25008","IMA","Instituto do Meio Ambiente do Estado de Alagoas, IMA","2018-11-22T17:02:50.000+0000","Arvoreta ca. 4 m de altura. Botões marrons.; Mata Serrana de Brejo de altitude.","",NA,"","","",NA,"","","","","",NA,"","",NA,"","","","",NA,"","","","","","","","",NA,NA,"","","Palmeira dos Índios","Alagoas","brazil",4012,"Palmeira dos Índios",2706307,-36.606883,-9.416509,"ALAGOAS","AL","Alagoas",-36.62362821,-9.51494324,"Alagoas","al",-9.411286,-36.629389,"original coordinates","original coordinates OK"
"52","Chrysophyllum rufum",1087068169,-10.266667,-38.783333,"cdround,gass84","1e0f3d99-eb02-4806-b6a4-e903568129ec","b7ea834f-8d60-40ea-ab2c-5057000f0afd","none","b38ff2b7-c8af-454e-b5af-ee760f0d5bca","BR","DWC_ARCHIVE","2018-11-24T12:36:28.608+0000","2017-12-29T14:34:09.488+0000",123,"none","PRESERVED_SPECIMEN",2885683,6,7707728,220,1353,8802,2885576,2885683,2885683,"Chrysophyllum rufum Mart.","Chrysophyllum rufum Mart.","Plantae","Tracheophyta","Ericales","Sapotaceae","Chrysophyllum","Chrysophyllum rufum","Chrysophyllum","rufum","SPECIES","ACCEPTED","2009-06-08T00:00:00","Bahia",2006,9,15,"2006-09-15T00:00:00","2018-12-08T13:02:18.776+0000","http://creativecommons.org/licenses/by-nc/4.0/legalcode","none","none","none","WGS84","Magnoliopsida","BR","Brazil","UFP - Herbário UFP - Geraldo Mariz","BRA:UFPE:UFP:0000045249","2527","UFP - Herbário UFP - Geraldo Mariz","Jeremoaba","Fazenda Barreirinhas-Reserva Biológica Arara-Azul-de-Lear.","pt","UFP",1087068169,"BRA:UFPE:UFP:0000045249","Collection","Oliveira, M.","45249","UFPE","Universidade Federal de Pernambuco, UFPE","2014-01-31T19:45:11.000+0000","HABITAT:Caatinga arbustivo-arbpore espaçada. Solo argilo-arenoso Área: 34.225 ha.; DESC:arvoreta com mais ou menos 4 m de altura. Folhas discolores. Botões florais alvos. Ocasional.;","Araújo, A.A.",NA,"","","",NA,"","","","","",NA,"","",NA,"","","","",0,"","","","","","","","",NA,NA,"","","Jeremoaba","Bahia","brazil",NA,"",NA,NA,NA,"","","Bahia",-41.72018023,-12.47295682,"Bahia","ba",-10.266667,-38.783333,"original coordinates","original coordinates outside municipality original in jeremoaba falls in canudos"
"53","Chrysophyllum rufum",1077600812,-9.787222,-35.873056,"gass84","a0cb1f6e-5766-4cc5-a8a0-cfc6a22c5c3d","81114709-2a6c-4e0b-908b-cb207a8708c2","none","b38ff2b7-c8af-454e-b5af-ee760f0d5bca","BR","DWC_ARCHIVE","2018-11-23T18:20:48.687+0000","2018-11-23T18:20:48.964+0000",125,"none","PRESERVED_SPECIMEN",2885683,6,7707728,220,1353,8802,2885576,2885683,2885683,"Chrysophyllum rufum Mart.","Chrysophyllum rufum Mart.","Plantae","Tracheophyta","Ericales","Sapotaceae","Chrysophyllum","Chrysophyllum rufum","Chrysophyllum","rufum","SPECIES","ACCEPTED","none","Alagoas",2006,9,27,"2006-09-27T00:00:00","2018-12-09T10:54:56.173+0000","http://creativecommons.org/licenses/by-nc/4.0/legalcode","none","none","none","WGS84","Magnoliopsida","BR","Brazil","MAC - Herbário do Instituto do Meio Ambiente do Estado de Alagoas","BRA:IMA:MAC:0000025808","9884","MAC - Herbário do Instituto do Meio Ambiente do Estado de Alagoas","Marechal Deodoro","Dunas do Cavalo Russo, trecho em direção a encosta do tabuleiro.","pt","MAC",1077600812,"BRA:IMA:MAC:0000025808","Collection","R.P.Lyra-Lemos; A.C.P.Barros; N.M.Rodrigues","25808","IMA","Instituto do Meio Ambiente do Estado de Alagoas, IMA","2018-11-22T17:02:50.000+0000","Árvore ca. de 4m de altura.; Restinga arbustiva-arbórea.","",NA,"","","",NA,"","","","","",NA,"","",NA,"","","","",NA,"","","","","","","","",NA,NA,"","","Marechal Deodoro","Alagoas","brazil",3955,"Marechal Deodoro",2704708,-35.906311,-9.716296,"ALAGOAS","AL","Alagoas",-36.62362821,-9.51494324,"Alagoas","al",-9.787222,-35.873056,"original coordinates","original coordinates OK"
"54","Chrysophyllum rufum",1424242258,-11.81,-38.6225,"gass84","4300f8d5-1ae5-49e5-a101-63894b005868","838537fc-4aeb-4980-8b58-97fbdcd1d91a","none","da7fe11a-b42c-46cb-9e9d-02243edb738a","BR","DWC_ARCHIVE","2018-10-02T15:40:25.911+0000","2018-09-24T20:01:43.568+0000",207,"none","PRESERVED_SPECIMEN",2885683,6,7707728,220,1353,8802,2885576,2885683,2885683,"Chrysophyllum rufum Mart.","Chrysophyllum rufum Mart.","Plantae","Tracheophyta","Ericales","Sapotaceae","Chrysophyllum","Chrysophyllum rufum","Chrysophyllum","rufum","SPECIES","ACCEPTED","none","Bahia",2006,9,3,"2006-09-03T00:00:00","2018-12-06T16:58:29.141+0000","http://creativecommons.org/licenses/by/4.0/legalcode","none","none","none","WGS84","Magnoliopsida","BR","Brazil","Rio de Janeiro Botanical Garden","urn:catalog:JBRJ:RB:525944","6190","RB - Rio de Janeiro Botanical Garden Herbarium Collection","Água Fria","Estrada Irará a Água Fria em estrada vicinal que dá acesso ao tabuleiro.","","RB",1424242258,"urn:catalog:JBRJ:RB:525944","PhysicalObject","A. M. Amorim; W. D. Rocha & J. L. Paixão","RB00525944","JBRJ","","2017-10-17T12:57:01.880+0000","Arbusto ca. 2,5 m. de altura. Folhas marcadamente discolores, a face superior verde escuro e a inferior marrom, vistosa. Pedicelo e cálice castanho, pétalas verde-amareladas.","A. Alves Araújo",125,"RB 465979","Caatinga arbustiva pertubada por cultivo de Eucalypto.","",25,"","","","","",NA,"","",NA,"","","","",NA,"","","","","","","","",NA,NA,"","","Água Fria","Bahia","brazil",3621,"Água Fria",2900405,-38.723787,-11.828215,"BAHIA","BA","Bahia",-41.72018023,-12.47295682,"Bahia","ba",-11.81,-38.6225,"original coordinates","original coordinates OK"
"55","Chrysophyllum rufum",1077600281,-9.9425,-36.378889,"gass84","a0cb1f6e-5766-4cc5-a8a0-cfc6a22c5c3d","81114709-2a6c-4e0b-908b-cb207a8708c2","none","b38ff2b7-c8af-454e-b5af-ee760f0d5bca","BR","DWC_ARCHIVE","2018-11-23T18:20:48.140+0000","2018-11-23T18:20:48.426+0000",125,"none","PRESERVED_SPECIMEN",2885683,6,7707728,220,1353,8802,2885576,2885683,2885683,"Chrysophyllum rufum Mart.","Chrysophyllum rufum Mart.","Plantae","Tracheophyta","Ericales","Sapotaceae","Chrysophyllum","Chrysophyllum rufum","Chrysophyllum","rufum","SPECIES","ACCEPTED","none","Alagoas",2006,9,22,"2006-09-22T00:00:00","2018-12-09T10:54:56.116+0000","http://creativecommons.org/licenses/by-nc/4.0/legalcode","none","none","none","WGS84","Magnoliopsida","BR","Brazil","MAC - Herbário do Instituto do Meio Ambiente do Estado de Alagoas","BRA:IMA:MAC:0000025300","50","MAC - Herbário do Instituto do Meio Ambiente do Estado de Alagoas","Satuba","Reserva do Catolé.","pt","MAC",1077600281,"BRA:IMA:MAC:0000025300","Collection","P.A.F.Rios; G.B.Araujo; D.Lima","25300","IMA","Instituto do Meio Ambiente do Estado de Alagoas, IMA","2018-11-22T17:02:50.000+0000","Árvore ca. 3m de altura. Botões florais verdes.; Cerrado.","",NA,"","","",NA,"","","","","",NA,"","",NA,"","","","",NA,"","","","","","","","",NA,NA,"","","Satuba","Alagoas","brazil",3983,"Satuba",2708907,-35.846279,-9.577265,"ALAGOAS","AL","Alagoas",-36.62362821,-9.51494324,"Alagoas","al",-9.9425,-36.378889,"original coordinates","original coordinates outside municipality original in satuba falls in teotonio vilela"
"56","Chrysophyllum rufum",1094840606,-13.223889,-41.1525,"gass84","2e684fd6-09e2-4661-910a-0a188b610c04","60545be9-4f28-4245-b4b4-07635c8dfa54","none","b38ff2b7-c8af-454e-b5af-ee760f0d5bca","BR","DWC_ARCHIVE","2018-11-14T17:19:05.032+0000","2018-09-10T18:26:53.685+0000",124,"none","PRESERVED_SPECIMEN",2885683,6,7707728,220,1353,8802,2885576,2885683,2885683,"Chrysophyllum rufum Mart.","Chrysophyllum rufum Mart.","Plantae","Tracheophyta","Ericales","Sapotaceae","Chrysophyllum","Chrysophyllum rufum","Chrysophyllum","rufum","SPECIES","ACCEPTED","none","Bahia",2005,2,6,"2005-02-06T00:00:00","2018-09-10T18:27:09.195+0000","http://creativecommons.org/licenses/by-nc/4.0/legalcode","none","none","none","WGS84","Magnoliopsida","BR","Brazil","HUEFS - Herbario da Universidade Estadual de Feira de Santana","BRA:UEFS:HUEFS:0000123131","616","HUEFS - Herbario da Universidade Estadual de Feira de Santana","Mucugê","Chapadinha.","pt","HUEFS",1094840606,"BRA:UEFS:HUEFS:0000123131","Collection","Funch, R.","123131","UEFS","Universidade Estadual de Feira de Santana (UEFS)","","Floresta Secundária.","",NA,"","","",NA,"","","","","",NA,"","",NA,"","","","",NA,"","","","","","","","",NA,NA,"","","Mucugê","Bahia","brazil",3451,"Mucugê",2921906,-41.469352,-13.061639,"BAHIA","BA","Bahia",-41.72018023,-12.47295682,"Bahia","ba",-13.223889,-41.1525,"original coordinates","original coordinates outside municipality original in mucuge falls in andarai"
"57","Chrysophyllum rufum",1090875736,-22.386111,-44.678611,"gass84","4d0fa690-1551-46f0-9a22-acfec0e00dd0","503e9b26-09b5-4c40-b42a-bb476319a8ad","none","b38ff2b7-c8af-454e-b5af-ee760f0d5bca","BR","DWC_ARCHIVE","2018-11-14T17:17:05.704+0000","2018-10-09T15:48:59.092+0000",142,"none","PRESERVED_SPECIMEN",2885683,6,7707728,220,1353,8802,2885576,2885683,2885683,"Chrysophyllum rufum Mart.","Chrysophyllum rufum Mart.","Plantae","Tracheophyta","Ericales","Sapotaceae","Chrysophyllum","Chrysophyllum rufum","Chrysophyllum","rufum","SPECIES","ACCEPTED","none","Rio de Janeiro",2005,5,5,"2005-05-05T00:00:00","2018-12-09T06:14:58.696+0000","http://creativecommons.org/licenses/by-nc/4.0/legalcode","none","none","none","WGS84","Magnoliopsida","BR","Brazil","VIES - Herbário Central da Universidade Federal do Espírito Santo VIES","BRA:UFES:VIES:0000022209","14","VIES - Herbário Central da Universidade Federal do Espírito Santo VIES","Itatiaia","Parque Nacional do Itatiaia.","pt","VIES",1090875736,"BRA:UFES:VIES:0000022209","Collection","Ramos, C.G.V.","22209","UFES","Universidade Federal do Espírito Santo, UFES","2018-10-03T13:56:36.000+0000","SW2244","",NA,"","","",NA,"","","","","",NA,"","",NA,"","","","",NA,"","","","","","","","",NA,NA,"","","Itatiaia","Rio de Janeiro","brazil",1561,"Itatiaia",3302254,-44.580977,-22.439525,"RIO DE JANEIRO","RJ","Rio de Janeiro",-42.66307908,-22.19581555,"Rio de Janeiro","rj",-22.386111,-44.678611,"original coordinates","original coordinates outside municipality original in itatiaia falls in resende"
"58","Chrysophyllum rufum",1931773363,-9.922986,-36.476217,"gass84","a0cb1f6e-5766-4cc5-a8a0-cfc6a22c5c3d","81114709-2a6c-4e0b-908b-cb207a8708c2","none","b38ff2b7-c8af-454e-b5af-ee760f0d5bca","BR","DWC_ARCHIVE","2018-11-23T18:20:46.047+0000","2018-11-23T18:20:46.082+0000",125,"none","PRESERVED_SPECIMEN",2885683,6,7707728,220,1353,8802,2885576,2885683,2885683,"Chrysophyllum rufum Mart.","Chrysophyllum rufum Mart.","Plantae","Tracheophyta","Ericales","Sapotaceae","Chrysophyllum","Chrysophyllum rufum","Chrysophyllum","rufum","SPECIES","ACCEPTED","2006-06-27T00:00:00","Alagoas",2005,11,20,"2005-11-20T00:00:00","2018-12-07T06:15:00.284+0000","http://creativecommons.org/licenses/by-nc/4.0/legalcode","none","none","none","WGS84","Magnoliopsida","BR","Brazil","MAC - Herbário do Instituto do Meio Ambiente do Estado de Alagoas","BRA:IMA:MAC:0000022666","201","MAC - Herbário do Instituto do Meio Ambiente do Estado de Alagoas","Junqueiro","Fazenda Ribeira.","pt","MAC",1931773363,"BRA:IMA:MAC:0000022666","Collection","A.L.S.Santos","22666","IMA","Instituto do Meio Ambiente do Estado de Alagoas, IMA","2018-11-22T17:02:50.000+0000","Arbusto.; Mata Atlântica.","",NA,"","","",NA,"","","","","",NA,"","",NA,"","","","",NA,"","","","","","","","",NA,NA,"","","Junqueiro","Alagoas","brazil",3935,"Junqueiro",2704005,-36.439985,-9.857597,"ALAGOAS","AL","Alagoas",-36.62362821,-9.51494324,"Alagoas","al",-9.922986,-36.476217,"original coordinates","original coordinates OK"
"59","Chrysophyllum rufum",1077220793,-13.160556,-41.423611,"gass84","5b5cf455-a448-4c0a-aecd-3e0956f27f10","afdd8e93-b4e3-491c-88f0-8a22834ac1a9","none","b38ff2b7-c8af-454e-b5af-ee760f0d5bca","BR","DWC_ARCHIVE","2018-12-03T14:13:32.554+0000","2018-12-03T16:16:14.428+0000",122,"none","PRESERVED_SPECIMEN",2885683,6,7707728,220,1353,8802,2885576,2885683,2885683,"Chrysophyllum rufum Mart.","Chrysophyllum rufum Mart.","Plantae","Tracheophyta","Ericales","Sapotaceae","Chrysophyllum","Chrysophyllum rufum","Chrysophyllum","rufum","SPECIES","ACCEPTED","2005-03-01T00:00:00","Bahia",2004,11,5,"2004-11-05T00:00:00","2018-12-06T14:16:30.639+0000","http://creativecommons.org/licenses/by-nc/4.0/legalcode","none","none","none","WGS84","Magnoliopsida","BR","Brazil","ALCB - Herbário Alexandre Leal Costa","BRA:UFBA:ALCB:0000067527","1001","ALCB - Herbário Alexandre Leal Costa","Mucugê","Chapada Diamantina, Fazenda Caraíbas","pt","ALCB",1077220793,"BRA:UFBA:ALCB:0000067527","Collection","Stradmann, MTS; Castilho, P","67527","Universidade Federal da Bahia (UFBA)","Universidade Federal da Bahia (UFBA)","2018-08-28T19:19:07.000+0000","de 3,2m . Folhas coriáceas, discolores. Folhas jovens , pecíolos e ramos com tomentos ferrugíneos. Indivíduo 14.; arbustiva-arbórea","Guedes, ML",NA,"","","SOUTH_AMERICA",NA,"","","","","",NA,"","",NA,"","","","",NA,"","","","","","","","",NA,NA,"","","Mucugê","Bahia","brazil",3451,"Mucugê",2921906,-41.469352,-13.061639,"BAHIA","BA","Bahia",-41.72018023,-12.47295682,"Bahia","ba",-13.160556,-41.423611,"original coordinates","original coordinates OK"
"60","Chrysophyllum rufum",1094840510,-12.6275,-41.570833,"gass84","2e684fd6-09e2-4661-910a-0a188b610c04","60545be9-4f28-4245-b4b4-07635c8dfa54","none","b38ff2b7-c8af-454e-b5af-ee760f0d5bca","BR","DWC_ARCHIVE","2018-11-14T17:19:04.933+0000","2018-09-10T18:26:53.818+0000",124,"none","PRESERVED_SPECIMEN",2885683,6,7707728,220,1353,8802,2885576,2885683,2885683,"Chrysophyllum rufum Mart.","Chrysophyllum rufum Mart.","Plantae","Tracheophyta","Ericales","Sapotaceae","Chrysophyllum","Chrysophyllum rufum","Chrysophyllum","rufum","SPECIES","ACCEPTED","none","Bahia",2004,11,13,"2004-11-13T00:00:00","2018-09-10T18:27:09.341+0000","http://creativecommons.org/licenses/by-nc/4.0/legalcode","none","none","none","WGS84","Magnoliopsida","BR","Brazil","HUEFS - Herbario da Universidade Estadual de Feira de Santana","BRA:UEFS:HUEFS:0000122966","305","HUEFS - Herbario da Universidade Estadual de Feira de Santana","Palmeiras","Volta da Serra.","pt","HUEFS",1094840510,"BRA:UEFS:HUEFS:0000122966","Collection","Funch, R.","122966","UEFS","Universidade Estadual de Feira de Santana (UEFS)","","Transição caatinga-cerrado.","",NA,"","","",NA,"","","","","",NA,"","",NA,"","","","",NA,"","","","","","","","",NA,NA,"","","Palmeiras","Bahia","brazil",3525,"Palmeiras",2923506,-41.55815,-12.545926,"BAHIA","BA","Bahia",-41.72018023,-12.47295682,"Bahia","ba",-12.6275,-41.570833,"original coordinates","original coordinates OK"
"61","Chrysophyllum rufum",1094809435,-10.92,-38.716667,"gass84,iddatunl","2e684fd6-09e2-4661-910a-0a188b610c04","60545be9-4f28-4245-b4b4-07635c8dfa54","none","b38ff2b7-c8af-454e-b5af-ee760f0d5bca","BR","DWC_ARCHIVE","2018-11-14T17:18:43.894+0000","2018-09-10T18:26:38.626+0000",124,"none","PRESERVED_SPECIMEN",2885683,6,7707728,220,1353,8802,2885576,2885683,2885683,"Chrysophyllum rufum Mart.","Chrysophyllum rufum Mart.","Plantae","Tracheophyta","Ericales","Sapotaceae","Chrysophyllum","Chrysophyllum rufum","Chrysophyllum","rufum","SPECIES","ACCEPTED","2006-04-01T00:00:00","Bahia",2004,12,29,"2004-12-29T00:00:00","2018-09-10T18:26:50.255+0000","http://creativecommons.org/licenses/by-nc/4.0/legalcode","none","none","none","WGS84","Magnoliopsida","BR","Brazil","HUEFS - Herbario da Universidade Estadual de Feira de Santana","BRA:UEFS:HUEFS:0000091583","208","HUEFS - Herbario da Universidade Estadual de Feira de Santana","Tucano","Tabuleiro, ca. 9,6km da cidade de Tucano.","pt","HUEFS",1094809435,"BRA:UEFS:HUEFS:0000091583","Collection","Cardoso, D.","91583","UEFS","Universidade Estadual de Feira de Santana (UEFS)","","Transição caatinga-cerrado. Solo arenoso.","T.D.Pennington",446,"","","",0,"","","","","",NA,"","",NA,"","","","",NA,"","","","","","","","",NA,NA,"","","Tucano","Bahia","brazil",3747,"Tucano",2931905,-38.787914,-10.98809,"BAHIA","BA","Bahia",-41.72018023,-12.47295682,"Bahia","ba",-10.92,-38.716667,"original coordinates","original coordinates OK"
"62","Chrysophyllum rufum",1094840518,-12.467222,-41.514722,"gass84","2e684fd6-09e2-4661-910a-0a188b610c04","60545be9-4f28-4245-b4b4-07635c8dfa54","none","b38ff2b7-c8af-454e-b5af-ee760f0d5bca","BR","DWC_ARCHIVE","2018-11-14T17:19:04.980+0000","2018-09-10T18:26:53.671+0000",124,"none","PRESERVED_SPECIMEN",2885683,6,7707728,220,1353,8802,2885576,2885683,2885683,"Chrysophyllum rufum Mart.","Chrysophyllum rufum Mart.","Plantae","Tracheophyta","Ericales","Sapotaceae","Chrysophyllum","Chrysophyllum rufum","Chrysophyllum","rufum","SPECIES","ACCEPTED","none","Bahia",2004,12,2,"2004-12-02T00:00:00","2018-09-10T18:27:09.126+0000","http://creativecommons.org/licenses/by-nc/4.0/legalcode","none","none","none","WGS84","Magnoliopsida","BR","Brazil","HUEFS - Herbario da Universidade Estadual de Feira de Santana","BRA:UEFS:HUEFS:0000123011","366","HUEFS - Herbario da Universidade Estadual de Feira de Santana","Palmeiras","Campos de São João.","pt","HUEFS",1094840518,"BRA:UEFS:HUEFS:0000123011","Collection","Funch, R.","123011","UEFS","Universidade Estadual de Feira de Santana (UEFS)","","Transição floresta-cerrado.","",NA,"","","",NA,"","","","","",NA,"","",NA,"","","","",NA,"","","","","","","","",NA,NA,"","","Palmeiras","Bahia","brazil",3525,"Palmeiras",2923506,-41.55815,-12.545926,"BAHIA","BA","Bahia",-41.72018023,-12.47295682,"Bahia","ba",-12.467222,-41.514722,"original coordinates","original coordinates OK"
"63","Chrysophyllum rufum",1077220861,-13.160556,-41.423611,"gass84","5b5cf455-a448-4c0a-aecd-3e0956f27f10","afdd8e93-b4e3-491c-88f0-8a22834ac1a9","none","b38ff2b7-c8af-454e-b5af-ee760f0d5bca","BR","DWC_ARCHIVE","2018-12-03T14:13:32.645+0000","2018-12-03T16:16:14.465+0000",122,"none","PRESERVED_SPECIMEN",2885683,6,7707728,220,1353,8802,2885576,2885683,2885683,"Chrysophyllum rufum Mart.","Chrysophyllum rufum Mart.","Plantae","Tracheophyta","Ericales","Sapotaceae","Chrysophyllum","Chrysophyllum rufum","Chrysophyllum","rufum","SPECIES","ACCEPTED","2005-03-01T00:00:00","Bahia",2004,12,12,"2004-12-12T00:00:00","2018-12-06T14:16:30.628+0000","http://creativecommons.org/licenses/by-nc/4.0/legalcode","none","none","none","WGS84","Magnoliopsida","BR","Brazil","ALCB - Herbário Alexandre Leal Costa","BRA:UFBA:ALCB:0000067598","s/n","ALCB - Herbário Alexandre Leal Costa","Mucugê","Chapada Diamantina, Fazenda Caraíbas","pt","ALCB",1077220861,"BRA:UFBA:ALCB:0000067598","Collection","Stradmann, MTS; Castilho, P","67598","Universidade Federal da Bahia (UFBA)","Universidade Federal da Bahia (UFBA)","2018-08-28T19:19:07.000+0000","de 4m. Folhas membranáceas, discolores. Ramos primários e pecíolos ferrugíneos. Indivíduo 23.; arbustiva-arbórea","Guedes, ML",NA,"","","SOUTH_AMERICA",NA,"","","","","",NA,"","",NA,"","","","",NA,"","","","","","","","",NA,NA,"","","Mucugê","Bahia","brazil",3451,"Mucugê",2921906,-41.469352,-13.061639,"BAHIA","BA","Bahia",-41.72018023,-12.47295682,"Bahia","ba",-13.160556,-41.423611,"original coordinates","original coordinates OK"
"64","Chrysophyllum rufum",1090489544,-10.833333,-38.533333,"gass84","bc81e05b-ed51-46ba-a0a4-90fbae9b5545","c6aacf9d-a5a7-4d7f-a6fc-ea0a4b8ec450","none","b38ff2b7-c8af-454e-b5af-ee760f0d5bca","BR","DWC_ARCHIVE","2018-11-24T12:34:12.016+0000","2018-11-24T12:34:12.116+0000",122,"none","PRESERVED_SPECIMEN",2885683,6,7707728,220,1353,8802,2885576,2885683,2885683,"Chrysophyllum rufum Mart.","Chrysophyllum rufum Mart.","Plantae","Tracheophyta","Ericales","Sapotaceae","Chrysophyllum","Chrysophyllum rufum","Chrysophyllum","rufum","SPECIES","ACCEPTED","none","Bahia",2003,8,16,"2003-08-16T00:00:00","2018-12-08T04:42:49.144+0000","http://creativecommons.org/licenses/by-nc/4.0/legalcode","none","none","none","WGS84","Magnoliopsida","BR","Brazil","CEPEC - Herbário do Centro de Pesquisas do Cacau","BRA:CEPLAC:CEPEC:0000097733","10486","CEPEC - Herbário do Centro de Pesquisas do Cacau","RIBEIRA DO POMBAL","Noroeste, Ribeira do Pombal.","pt","CEPEC",1090489544,"BRA:CEPLAC:CEPEC:0000097733","Collection","M. L. Guedes","97733","Comissão Executiva do Plano da Lavoura Cacaueira (CEPLAC)","Comissão Executiva do Plano da Lavoura Cacaueira (CEPLAC)","2018-11-14T17:53:06.000+0000","","M. L. Guedes",NA,"30/09/2003","","",NA,"","","","","",NA,"","",NA,"","","","",NA,"","","","","","","","",NA,NA,"","","RIBEIRA DO POMBAL","Bahia","brazil",3776,"Ribeira do Pombal",2926608,-38.495019,-10.766723,"BAHIA","BA","Bahia",-41.72018023,-12.47295682,"Bahia","ba",-10.833333,-38.533333,"original coordinates","original coordinates OK"
"65","Chrysophyllum rufum",1090495660,-11.55,-41.15,"gass84","bc81e05b-ed51-46ba-a0a4-90fbae9b5545","c6aacf9d-a5a7-4d7f-a6fc-ea0a4b8ec450","none","b38ff2b7-c8af-454e-b5af-ee760f0d5bca","BR","DWC_ARCHIVE","2018-11-24T12:34:16.965+0000","2018-11-24T12:34:17.016+0000",122,"none","PRESERVED_SPECIMEN",2885683,6,7707728,220,1353,8802,2885576,2885683,2885683,"Chrysophyllum rufum Mart.","Chrysophyllum rufum Mart.","Plantae","Tracheophyta","Ericales","Sapotaceae","Chrysophyllum","Chrysophyllum rufum","Chrysophyllum","rufum","SPECIES","ACCEPTED","none","Bahia",2003,10,25,"2003-10-25T00:00:00","2018-12-08T04:42:51.829+0000","http://creativecommons.org/licenses/by-nc/4.0/legalcode","none","none","none","WGS84","Magnoliopsida","BR","Brazil","CEPEC - Herbário do Centro de Pesquisas do Cacau","BRA:CEPLAC:CEPEC:0000104476","10743","CEPEC - Herbário do Centro de Pesquisas do Cacau","MORRO DO CHAPÉU","Chapada Diamantina.","pt","CEPEC",1090495660,"BRA:CEPLAC:CEPEC:0000104476","Collection","M. L. Guedes","104476","Comissão Executiva do Plano da Lavoura Cacaueira (CEPLAC)","Comissão Executiva do Plano da Lavoura Cacaueira (CEPLAC)","2018-11-14T17:53:06.000+0000","","M. L. Guedes",NA,"30/12/2003","","",NA,"","","","","",NA,"","",NA,"","","","",NA,"","","","","","","","",NA,NA,"","","MORRO DO CHAPÉU","Bahia","brazil",3674,"Morro do Chapéu",2921708,-41.151587,-11.472221,"BAHIA","BA","Bahia",-41.72018023,-12.47295682,"Bahia","ba",-11.55,-41.15,"original coordinates","original coordinates OK"
"66","Chrysophyllum rufum",1077597177,-9.623611,-36.576111,"gass84","a0cb1f6e-5766-4cc5-a8a0-cfc6a22c5c3d","81114709-2a6c-4e0b-908b-cb207a8708c2","none","b38ff2b7-c8af-454e-b5af-ee760f0d5bca","BR","DWC_ARCHIVE","2018-11-23T18:20:45.229+0000","2018-11-23T18:20:45.346+0000",125,"none","PRESERVED_SPECIMEN",2885683,6,7707728,220,1353,8802,2885576,2885683,2885683,"Chrysophyllum rufum Mart.","Chrysophyllum rufum Mart.","Plantae","Tracheophyta","Ericales","Sapotaceae","Chrysophyllum","Chrysophyllum rufum","Chrysophyllum","rufum","SPECIES","ACCEPTED","none","Alagoas",2003,12,16,"2003-12-16T00:00:00","2018-12-09T10:54:54.752+0000","http://creativecommons.org/licenses/by-nc/4.0/legalcode","none","none","none","WGS84","Magnoliopsida","BR","Brazil","MAC - Herbário do Instituto do Meio Ambiente do Estado de Alagoas","BRA:IMA:MAC:0000021585","1175","MAC - Herbário do Instituto do Meio Ambiente do Estado de Alagoas","Ibateguara","Flora dos Fragmentos: Frag. Jaqueira, interior de mata.","pt","MAC",1077597177,"BRA:IMA:MAC:0000021585","Collection","M.Oliveira; A.A.Grillo","21585","IMA","Instituto do Meio Ambiente do Estado de Alagoas, IMA","2018-11-22T17:02:50.000+0000","Árvore com ca. de 4m de altura. Folhas ferrugíneas na face abaxial, botões florais ferrugíneos.; Veg. arbustiva arbórea espassada.","F.Cavalcante",NA,"","","",NA,"","","","","",NA,"","",NA,"","","","",NA,"","","","","","","","",NA,NA,"","","Ibateguara","Alagoas","brazil",4100,"Ibateguara",2703007,-35.896841,-8.956431,"ALAGOAS","AL","Alagoas",-36.62362821,-9.51494324,"Alagoas","al",-9.623611,-36.576111,"original coordinates","original coordinates outside municipality original in ibateguara falls in coite do noia"
"67","Chrysophyllum rufum",1094777662,-13.414167,-40.410278,"gass84,iddatunl","2e684fd6-09e2-4661-910a-0a188b610c04","60545be9-4f28-4245-b4b4-07635c8dfa54","none","b38ff2b7-c8af-454e-b5af-ee760f0d5bca","BR","DWC_ARCHIVE","2018-11-14T17:18:24.960+0000","2018-09-10T18:26:21.021+0000",124,"none","PRESERVED_SPECIMEN",2885683,6,7707728,220,1353,8802,2885576,2885683,2885683,"Chrysophyllum rufum Mart.","Chrysophyllum rufum Mart.","Plantae","Tracheophyta","Ericales","Sapotaceae","Chrysophyllum","Chrysophyllum rufum","Chrysophyllum","rufum","SPECIES","ACCEPTED","2002-06-01T00:00:00","Bahia",2002,4,23,"2002-04-23T00:00:00","2018-09-10T18:26:30.993+0000","http://creativecommons.org/licenses/by-nc/4.0/legalcode","none","none","none","WGS84","Magnoliopsida","BR","Brazil","HUEFS - Herbario da Universidade Estadual de Feira de Santana","BRA:UEFS:HUEFS:0000059633","175","HUEFS - Herbario da Universidade Estadual de Feira de Santana","Maracás","2km a leste de Maracás, depois do Cruzeiro da cidade na Fazenda Juliana","pt","HUEFS",1094777662,"BRA:UEFS:HUEFS:0000059633","Collection","Souza, E.R.de","59633","UEFS","Universidade Estadual de Feira de Santana (UEFS)","","Mata de Cipó","J.Jardim",1016,"","","",0,"","","","","",NA,"","",NA,"","","","",NA,"","","","","","","","",NA,NA,"","","Maracás","Bahia","brazil",3404,"Maracás",2920502,-40.553066,-13.497374,"BAHIA","BA","Bahia",-41.72018023,-12.47295682,"Bahia","ba",-13.414167,-40.410278,"original coordinates","original coordinates OK"
"68","Chrysophyllum rufum",1931119886,-7.8389,-35.0028,"gass84","d415c253-4d61-4459-9d25-4015b9084fb0","ae447c50-b8a8-11d8-92a4-b8a03c50a862","none","17017c2c-036b-45d9-b045-606d21b00771","US","DWC_ARCHIVE","2018-11-18T16:24:44.866+0000","2018-11-18T16:24:44.929+0000",96,"none","PRESERVED_SPECIMEN",2885683,6,7707728,220,1353,8802,2885576,2885683,2885683,"Chrysophyllum rufum Mart.","Chrysophyllum rufum Mart.","Plantae","Tracheophyta","Ericales","Sapotaceae","Chrysophyllum","Chrysophyllum rufum","Chrysophyllum","rufum","SPECIES","ACCEPTED","none","Pernambuco",2001,8,2,"2001-08-02T00:00:00","2018-12-08T04:58:48.842+0000","http://creativecommons.org/publicdomain/zero/1.0/legalcode","none","none","none","WGS84","Magnoliopsida","BR","Brazil","The New York Botanical Garden","ed34717f-e16b-4dc5-b063-ebb50c795cc3","11","Vascular plants","","Mata da Usina São José","en","NY",1931119886,"ed34717f-e16b-4dc5-b063-ebb50c795cc3","PhysicalObject","S. G. Freire","885001","NY","","","","",25,"","","SOUTH_AMERICA",0,"http://sweetgum.nybg.org/science/vh/specimen_details.php?irn=970810","Borda. Floresta ombrófila densa das Terras Baixas. Solo areno argiloso, com pouca serrapilheira.","ICN","http://biocol.org/urn:lsid:biocol.org:col:15556","02 Aug 2001",214,"Igarassu","sheet",214,"http://biocol.org/urn:lsid:biocol.org:col:15556","","82 ft","",NA,"","","","","","","","",NA,NA,"","","","Pernambuco","brazil",NA,"",NA,NA,NA,"","","Pernambuco",-37.99303622,-8.3240949,"Pernambuco","pe",-7.8389,-35.0028,"original coordinates","original coordinates outside municipality original in  falls in igarassu"
"69","Chrysophyllum rufum",1077592341,-9.411286,-36.629389,"gass84","a0cb1f6e-5766-4cc5-a8a0-cfc6a22c5c3d","81114709-2a6c-4e0b-908b-cb207a8708c2","none","b38ff2b7-c8af-454e-b5af-ee760f0d5bca","BR","DWC_ARCHIVE","2018-11-23T18:20:41.074+0000","2018-11-23T18:20:41.181+0000",125,"none","PRESERVED_SPECIMEN",2885683,6,7707728,220,1353,8802,2885576,2885683,2885683,"Chrysophyllum rufum Mart.","Chrysophyllum rufum Mart.","Plantae","Tracheophyta","Ericales","Sapotaceae","Chrysophyllum","Chrysophyllum rufum","Chrysophyllum","rufum","SPECIES","ACCEPTED","2003-08-20T00:00:00","Alagoas",2001,8,16,"2001-08-16T00:00:00","2018-12-09T10:54:53.024+0000","http://creativecommons.org/licenses/by-nc/4.0/legalcode","none","none","none","WGS84","Magnoliopsida","BR","Brazil","MAC - Herbário do Instituto do Meio Ambiente do Estado de Alagoas","BRA:IMA:MAC:0000014626","5780","MAC - Herbário do Instituto do Meio Ambiente do Estado de Alagoas","Palmeira dos Índios","Fazenda Fortaleza, Serra Velha.","pt","MAC",1077592341,"BRA:IMA:MAC:0000014626","Collection","R.P.Lyra-Lemos; E.M.Duarte","14626","IMA","Instituto do Meio Ambiente do Estado de Alagoas, IMA","2018-11-22T17:02:50.000+0000","Árvore em floração, folhas ferrugíneas. Botões ferrugíneos. Frutos ausentes.; Agreste.","F.Cavalcante",NA,"","","",NA,"","","","","",NA,"","",NA,"","","","",NA,"","","","","","","","",NA,NA,"","","Palmeira dos Índios","Alagoas","brazil",4012,"Palmeira dos Índios",2706307,-36.606883,-9.416509,"ALAGOAS","AL","Alagoas",-36.62362821,-9.51494324,"Alagoas","al",-9.411286,-36.629389,"original coordinates","original coordinates OK"
"70","Chrysophyllum rufum",1094780899,-13.063056,-39.780278,"gass84,iddatunl","2e684fd6-09e2-4661-910a-0a188b610c04","60545be9-4f28-4245-b4b4-07635c8dfa54","none","b38ff2b7-c8af-454e-b5af-ee760f0d5bca","BR","DWC_ARCHIVE","2018-11-14T17:18:26.876+0000","2018-09-10T18:26:22.652+0000",124,"none","PRESERVED_SPECIMEN",2885683,6,7707728,220,1353,8802,2885576,2885683,2885683,"Chrysophyllum rufum Mart.","Chrysophyllum rufum Mart.","Plantae","Tracheophyta","Ericales","Sapotaceae","Chrysophyllum","Chrysophyllum rufum","Chrysophyllum","rufum","SPECIES","ACCEPTED","2009-07-01T00:00:00","Bahia",2000,2,25,"2000-02-25T00:00:00","2018-09-10T18:26:32.963+0000","http://creativecommons.org/licenses/by-nc/4.0/legalcode","none","none","none","WGS84","Magnoliopsida","BR","Brazil","HUEFS - Herbario da Universidade Estadual de Feira de Santana","BRA:UEFS:HUEFS:0000062859","2911","HUEFS - Herbario da Universidade Estadual de Feira de Santana","Brejões","Rod. Amargosa/Brejões ca. 28km. Margem da rodovia.","pt","HUEFS",1094780899,"BRA:UEFS:HUEFS:0000062859","Collection","Jardim, J.G.","62859","UEFS","Universidade Estadual de Feira de Santana (UEFS)","","Caatinga Arbórea.","A.Alves-Araújo",700,"","","",0,"","","","","",NA,"","",NA,"","","","",NA,"","","","","","","","",NA,NA,"","","Brejões","Bahia","brazil",3449,"Brejões",2904308,-39.857451,-13.075851,"BAHIA","BA","Bahia",-41.72018023,-12.47295682,"Bahia","ba",-13.063056,-39.780278,"original coordinates","original coordinates OK"
"71","Chrysophyllum rufum",1095221080,-12.18194,-38.41111,"gass84","e38d4c95-3a1d-4594-9ae9-883b48042e6d","7ef169f9-81f8-46a2-a7f7-240df6a1889c","none","b38ff2b7-c8af-454e-b5af-ee760f0d5bca","BR","DWC_ARCHIVE","2018-11-23T18:21:12.683+0000","2018-11-23T18:21:12.964+0000",123,"none","PRESERVED_SPECIMEN",2885683,6,7707728,220,1353,8802,2885576,2885683,2885683,"Chrysophyllum rufum Mart.","Chrysophyllum rufum Mart.","Plantae","Tracheophyta","Ericales","Sapotaceae","Chrysophyllum","Chrysophyllum rufum","Chrysophyllum","rufum","SPECIES","ACCEPTED","none","Bahia",2000,6,30,"2000-06-30T00:00:00","2018-11-23T18:22:08.935+0000","http://creativecommons.org/licenses/by-nc/4.0/legalcode","none","none","none","WGS84","Magnoliopsida","BR","Brazil","CEN - Herbário da Embrapa Recursos Genéticos e Biotecnologia","BRA:Cenargen:CEN:0000042541","3424","CEN - Herbário da Embrapa Recursos Genéticos e Biotecnologia","ALAGOINHAS","Campus da Universidade Estadual da Bahia.","pt","CEN",1095221080,"BRA:Cenargen:CEN:0000042541","Collection","Flávio França","42541","Cenargen","Empresa Brasileira de Pesquisa Agropecuária (EMBRAPA)","","Folha coriácea fortemente discolor, face abaxial ferrugínea. Corola esverdeada, anteras marrons. Doação do Herbário da Universidade Estadual de Feira de Santana - HUEFS (46443). Feira de Santana - Bahia.","L. F. Lima",130,"","","",0,"","","","","",NA,"","Exsicatas",NA,"","","","",1,"","","","","","","","",NA,NA,"","","ALAGOINHAS","Bahia","brazil",3580,"Alagoinhas",2900702,-38.399441,-12.109646,"BAHIA","BA","Bahia",-41.72018023,-12.47295682,"Bahia","ba",-12.18194,-38.41111,"original coordinates","original coordinates OK"
"72","Chrysophyllum rufum",1252618369,-12.181944,-38.411111,"gass84","1bb3cae3-b91f-4109-8a2d-a1f05f2d6fd3","76dbcb10-efc5-4d5f-87a5-bcd409fc92c8","none","b38ff2b7-c8af-454e-b5af-ee760f0d5bca","BR","DWC_ARCHIVE","2018-11-24T12:30:38.355+0000","2018-09-25T14:05:07.895+0000",126,"none","PRESERVED_SPECIMEN",2885683,6,7707728,220,1353,8802,2885576,2885683,2885683,"Chrysophyllum rufum Mart.","Chrysophyllum rufum Mart.","Plantae","Tracheophyta","Ericales","Sapotaceae","Chrysophyllum","Chrysophyllum rufum","Chrysophyllum","rufum","SPECIES","ACCEPTED","2000-06-01T00:00:00","Bahia",2000,6,30,"2000-06-30T00:00:00","2018-12-08T15:43:36.676+0000","http://creativecommons.org/licenses/by-nc/4.0/legalcode","none","none","none","WGS84","Magnoliopsida","BR","Brazil","SPF - Herbário da Universidade de São Paulo","BRA:USP:SPF:0000147045","3424","SPF - Herbário da Universidade de São Paulo","Alagoinhas","Universidade Estadual da Bahia","pt","SPF",1252618369,"BRA:USP:SPF:0000147045","Collection","França, F","147045","USP","Universidade de São Paulo, USP","2018-08-21T18:47:24.000+0000","","França, F",130,"","","",0,"","","","","",NA,"","",NA,"","","","",NA,"","","","","","","","",NA,NA,"","","Alagoinhas","Bahia","brazil",3580,"Alagoinhas",2900702,-38.399441,-12.109646,"BAHIA","BA","Bahia",-41.72018023,-12.47295682,"Bahia","ba",-12.181944,-38.411111,"original coordinates","original coordinates OK"
"73","Chrysophyllum rufum",1090497043,-12.25,-38.333333,"gass84","bc81e05b-ed51-46ba-a0a4-90fbae9b5545","c6aacf9d-a5a7-4d7f-a6fc-ea0a4b8ec450","none","b38ff2b7-c8af-454e-b5af-ee760f0d5bca","BR","DWC_ARCHIVE","2018-11-24T12:34:17.868+0000","2018-11-24T12:34:17.999+0000",122,"none","PRESERVED_SPECIMEN",2885683,6,7707728,220,1353,8802,2885576,2885683,2885683,"Chrysophyllum rufum Mart.","Chrysophyllum rufum Mart.","Plantae","Tracheophyta","Ericales","Sapotaceae","Chrysophyllum","Chrysophyllum rufum","Chrysophyllum","rufum","SPECIES","ACCEPTED","none","Bahia",2000,10,5,"2000-10-05T00:00:00","2018-12-08T04:42:52.385+0000","http://creativecommons.org/licenses/by-nc/4.0/legalcode","none","none","none","WGS84","Magnoliopsida","BR","Brazil","CEPEC - Herbário do Centro de Pesquisas do Cacau","BRA:CEPLAC:CEPEC:0000105908","4582","CEPEC - Herbário do Centro de Pesquisas do Cacau","alagoinhas","Km 3, UNEB/F.F.P.A.","pt","CEPEC",1090497043,"BRA:CEPLAC:CEPEC:0000105908","Collection","M. L. Guedes","105908","Comissão Executiva do Plano da Lavoura Cacaueira (CEPLAC)","Comissão Executiva do Plano da Lavoura Cacaueira (CEPLAC)","2018-11-14T17:53:06.000+0000","","M. L. Guedes",NA,"30/12/1996","","",NA,"","","","","",NA,"","",NA,"","","","",NA,"","","","","","","","",NA,NA,"","","alagoinhas","Bahia","brazil",3580,"Alagoinhas",2900702,-38.399441,-12.109646,"BAHIA","BA","Bahia",-41.72018023,-12.47295682,"Bahia","ba",-12.25,-38.333333,"original coordinates","original coordinates outside municipality original in alagoinhas falls in aracas"
"74","Chrysophyllum rufum",1077207538,-12.966667,-38.5,"gass84","5b5cf455-a448-4c0a-aecd-3e0956f27f10","afdd8e93-b4e3-491c-88f0-8a22834ac1a9","none","b38ff2b7-c8af-454e-b5af-ee760f0d5bca","BR","DWC_ARCHIVE","2018-12-03T14:06:16.095+0000","2018-12-03T16:15:53.061+0000",122,"none","PRESERVED_SPECIMEN",2885683,6,7707728,220,1353,8802,2885576,2885683,2885683,"Chrysophyllum rufum Mart.","Chrysophyllum rufum Mart.","Plantae","Tracheophyta","Ericales","Sapotaceae","Chrysophyllum","Chrysophyllum rufum","Chrysophyllum","rufum","SPECIES","ACCEPTED","1999-07-01T00:00:00","Bahia",1999,6,6,"1999-06-06T00:00:00","2018-12-06T14:16:24.531+0000","http://creativecommons.org/licenses/by-nc/4.0/legalcode","none","none","none","WGS84","Magnoliopsida","BR","Brazil","ALCB - Herbário Alexandre Leal Costa","BRA:UFBA:ALCB:0000042998","6413","ALCB - Herbário Alexandre Leal Costa","Região Metropolitana Salvador","Salvador","pt","ALCB",1077207538,"BRA:UFBA:ALCB:0000042998","Collection","Guedes, ML; Gama, LB; Alves, EM; Reis, MF","042998","Universidade Federal da Bahia (UFBA)","Universidade Federal da Bahia (UFBA)","2018-08-28T19:19:07.000+0000","4,0m. Folhas membranáceas, discolores, face abaxial ferrugínea. Inflorescência botões esverdeados.; Dunas. Área antropizada.","Guedes, ML",NA,"","","SOUTH_AMERICA",NA,"","","","","",NA,"","",NA,"","","","",NA,"","","","","","","","",NA,NA,"","","Região Metropolitana Salvador","Bahia","brazil",NA,"",NA,NA,NA,"","","Bahia",-41.72018023,-12.47295682,"Bahia","ba",-12.966667,-38.5,"original coordinates","original coordinates outside municipality original in regiao metropolitana salvador falls in salvador"
"75","Chrysophyllum rufum",1424439723,-8.15,-35.766667,"cdround,gass84","4300f8d5-1ae5-49e5-a101-63894b005868","838537fc-4aeb-4980-8b58-97fbdcd1d91a","none","da7fe11a-b42c-46cb-9e9d-02243edb738a","BR","DWC_ARCHIVE","2018-10-02T15:42:24.044+0000","2018-09-24T20:03:39.238+0000",207,"none","PRESERVED_SPECIMEN",2885683,6,7707728,220,1353,8802,2885576,2885683,2885683,"Chrysophyllum rufum Mart.","Chrysophyllum rufum Mart.","Plantae","Tracheophyta","Ericales","Sapotaceae","Chrysophyllum","Chrysophyllum rufum","Chrysophyllum","rufum","SPECIES","ACCEPTED","none","Pernambuco",1999,8,7,"1999-08-07T00:00:00","2018-12-06T17:00:25.503+0000","http://creativecommons.org/licenses/by/4.0/legalcode","none","none","none","WGS84","Magnoliopsida","BR","Brazil","Rio de Janeiro Botanical Garden","urn:catalog:JBRJ:RB:759121","185","RB - Rio de Janeiro Botanical Garden Herbarium Collection","Bezerros","Serra Negra de Bezerros.","","RB",1424439723,"urn:catalog:JBRJ:RB:759121","PhysicalObject","J. Cantarelli; A. Liebig; L. Krause","RB00759121","JBRJ","","2017-10-14T11:41:35.542+0000","Árvore, ca. 6m altura. Folhas verde-escuras na face superior e ferrugíneas na face inferior. Inflorescências ferrugíneas","A. Alves-Araújo",770,"RB 567949","Sobre solo pedregoso na base de rochas","",NA,"","","","","",NA,"","",NA,"","","","",NA,"","","","","","","","",NA,NA,"","","Bezerros","Pernambuco","brazil",4226,"Bezerros",2601904,-35.783663,-8.220704,"PERNAMBUCO","PE","Pernambuco",-37.99303622,-8.3240949,"Pernambuco","pe",-8.15,-35.766667,"original coordinates","original coordinates OK"
"76","Chrysophyllum rufum",1089057534,-12.26,-41.3,"gass84","7741a517-ab3d-4b85-ae58-56322e44c8ce","d073b448-6b80-4364-8c38-18d08b88797f","none","b38ff2b7-c8af-454e-b5af-ee760f0d5bca","BR","DWC_ARCHIVE","2018-12-03T13:51:17.863+0000","2018-12-03T16:41:16.100+0000",122,"none","PRESERVED_SPECIMEN",2885683,6,7707728,220,1353,8802,2885576,2885683,2885683,"Chrysophyllum rufum Mart.","Chrysophyllum rufum Mart.","Plantae","Tracheophyta","Ericales","Sapotaceae","Chrysophyllum","Chrysophyllum rufum","Chrysophyllum","rufum","SPECIES","ACCEPTED","1999-02-11T00:00:00","Bahia",1998,8,2,"1998-08-02T00:00:00","2018-12-08T04:37:54.581+0000","http://creativecommons.org/licenses/by-nc/4.0/legalcode","none","none","none","WGS84","Magnoliopsida","BR","Brazil","UEC - Herbário da Universidade Estadual de Campinas","BRA:UNICAMP:UEC:0000107239","R8052","UEC - Herbário da Universidade Estadual de Campinas","Lençóis","22 Km of junction with the road to Lençois on the BR242 highway.","pt","UEC",1089057534,"BRA:UNICAMP:UEC:0000107239","Collection","Ratter, J.A.; Bridgewater, S.; Batista dos Santos, J.","107239","UNICAMP","Universidade Estadual de Campinas, UNICAMP","2018-11-21T16:39:22.000+0000","Tree, 5m tall, 12cm dbh, with vertically fissured fawn bark. Calyx marzipan brown; corola yelom-green with pink tips.; In loq cerrado sensu stricto on a hilside.","Pennington, T.D.",780,"","","",0,"","","","","",NA,"","",NA,"","","","",NA,"","","","","","","","",NA,NA,"","","Lençóis","Bahia","brazil",3540,"Lençóis",2919306,-41.334774,-12.419573,"BAHIA","BA","Bahia",-41.72018023,-12.47295682,"Bahia","ba",-12.26,-41.3,"original coordinates","original coordinates OK"
"77","Chrysophyllum rufum",575201477,-12.433333,-41.5,"gass84","bf2a4bf0-5f31-11de-b67e-b8a03c50a862","98e934b0-5f31-11de-b67e-b8a03c50a862","none","f6fe707e-cced-4efc-b5dc-be4c91b8180a","GB","DWC_ARCHIVE","2018-11-20T11:56:27.051+0000","2018-10-28T14:42:11.763+0000",94,"none","PRESERVED_SPECIMEN",2885683,6,7707728,220,1353,8802,2885576,2885683,2885683,"Chrysophyllum rufum Mart.","Chrysophyllum rufum Mart.","Plantae","Tracheophyta","Ericales","Sapotaceae","Chrysophyllum","Chrysophyllum rufum","Chrysophyllum","rufum","SPECIES","ACCEPTED","none","Bahia",1998,8,2,"1998-08-02T00:00:00","2018-12-08T01:02:53.052+0000","http://creativecommons.org/licenses/by-nc/4.0/legalcode","none","none","none","WGS84","Magnoliopsida","BR","Brazil","","http://data.rbge.org.uk/herb/E00103833","R 8052","Royal Botanic Garden Edinburgh Herbarium","","22km W of the junction with the road to Lençois on the BR242 highway","","E",575201477,"http://data.rbge.org.uk/herb/E00103833","PhysicalObject","Ratter, J.A., Bridgewater, S. & dos Santos, J. Batista","E00103833","E","E","2012-01-20T00:00:00.000+0000","","",NA,"BGBASE:112769","","",NA,"","","ICBN","","1998-08-02",NA,"","herbarium specimen of unspecified type",214,"http://biocol.org/urn:lsid:biocol.org:col:15670","","","",NA,"E. Tropical South America","degrees minutes seconds","","","","","","",NA,NA,"","","","Bahia","brazil",NA,"",NA,NA,NA,"","","Bahia",-41.72018023,-12.47295682,"Bahia","ba",-12.433333,-41.5,"original coordinates","original coordinates outside municipality original in  falls in palmeiras"
"78","Chrysophyllum rufum",1094756803,-12.433333,-41.5,"gass84,iddatunl","2e684fd6-09e2-4661-910a-0a188b610c04","60545be9-4f28-4245-b4b4-07635c8dfa54","none","b38ff2b7-c8af-454e-b5af-ee760f0d5bca","BR","DWC_ARCHIVE","2018-11-14T17:18:11.427+0000","2018-09-10T18:26:07.286+0000",124,"none","PRESERVED_SPECIMEN",2885683,6,7707728,220,1353,8802,2885576,2885683,2885683,"Chrysophyllum rufum Mart.","Chrysophyllum rufum Mart.","Plantae","Tracheophyta","Ericales","Sapotaceae","Chrysophyllum","Chrysophyllum rufum","Chrysophyllum","rufum","SPECIES","ACCEPTED","1999-02-01T00:00:00","Bahia",1998,8,2,"1998-08-02T00:00:00","2018-09-10T18:26:16.802+0000","http://creativecommons.org/licenses/by-nc/4.0/legalcode","none","none","none","WGS84","Magnoliopsida","BR","Brazil","HUEFS - Herbario da Universidade Estadual de Feira de Santana","BRA:UEFS:HUEFS:0000038705","8052","HUEFS - Herbario da Universidade Estadual de Feira de Santana","","22 km W of the junction with the road to Lençois on the road BR 242 highway.","pt","HUEFS",1094756803,"BRA:UEFS:HUEFS:0000038705","Collection","Ratter, J.A.","38705","UEFS","Universidade Estadual de Feira de Santana (UEFS)","","In low cerrado sensu stricto on a hillside.","T.D.Pennington",780,"","","",0,"","","","","",NA,"","",NA,"","","","",NA,"","","","","","","","",NA,NA,"","","","Bahia","brazil",NA,"",NA,NA,NA,"","","Bahia",-41.72018023,-12.47295682,"Bahia","ba",-12.433333,-41.5,"original coordinates","original coordinates outside municipality original in  falls in palmeiras"
"79","Chrysophyllum rufum",1094749280,-12.199167,-38.974444,"gass84","2e684fd6-09e2-4661-910a-0a188b610c04","60545be9-4f28-4245-b4b4-07635c8dfa54","none","b38ff2b7-c8af-454e-b5af-ee760f0d5bca","BR","DWC_ARCHIVE","2018-11-14T17:18:06.713+0000","2018-09-10T18:26:02.197+0000",124,"none","PRESERVED_SPECIMEN",2885683,6,7707728,220,1353,8802,2885576,2885683,2885683,"Chrysophyllum rufum Mart.","Chrysophyllum rufum Mart.","Plantae","Tracheophyta","Ericales","Sapotaceae","Chrysophyllum","Chrysophyllum rufum","Chrysophyllum","rufum","SPECIES","ACCEPTED","none","Bahia",1997,10,20,"1997-10-20T00:00:00","2018-09-10T18:26:10.876+0000","http://creativecommons.org/licenses/by-nc/4.0/legalcode","none","none","none","WGS84","Magnoliopsida","BR","Brazil","HUEFS - Herbario da Universidade Estadual de Feira de Santana","BRA:UEFS:HUEFS:0000031185","25","HUEFS - Herbario da Universidade Estadual de Feira de Santana","Feira de Santana","Campus da UEFS.","pt","HUEFS",1094749280,"BRA:UEFS:HUEFS:0000031185","Collection","Castro, I.F.","31185","UEFS","Universidade Estadual de Feira de Santana (UEFS)","","","",234,"","","",0,"","","","","",NA,"","",NA,"","","","",NA,"","","","","","","","",NA,NA,"","","Feira de Santana","Bahia","brazil",3568,"Feira de Santana",2910800,-39.035855,-12.189517,"BAHIA","BA","Bahia",-41.72018023,-12.47295682,"Bahia","ba",-12.199167,-38.974444,"original coordinates","original coordinates OK"
"80","Chrysophyllum rufum",1077209446,-12.133333,-38.416667,"gass84","5b5cf455-a448-4c0a-aecd-3e0956f27f10","afdd8e93-b4e3-491c-88f0-8a22834ac1a9","none","b38ff2b7-c8af-454e-b5af-ee760f0d5bca","BR","DWC_ARCHIVE","2018-12-03T14:06:19.362+0000","2018-12-03T16:15:53.922+0000",122,"none","PRESERVED_SPECIMEN",2885683,6,7707728,220,1353,8802,2885576,2885683,2885683,"Chrysophyllum rufum Mart.","Chrysophyllum rufum Mart.","Plantae","Tracheophyta","Ericales","Sapotaceae","Chrysophyllum","Chrysophyllum rufum","Chrysophyllum","rufum","SPECIES","ACCEPTED","2017-03-24T00:00:00","Bahia",1997,10,21,"1997-10-21T00:00:00","2018-12-06T14:16:25.612+0000","http://creativecommons.org/licenses/by-nc/4.0/legalcode","none","none","none","WGS84","Magnoliopsida","BR","Brazil","ALCB - Herbário Alexandre Leal Costa","BRA:UFBA:ALCB:0000048044","PC007","ALCB - Herbário Alexandre Leal Costa","Litoral Norte","Alagoinhas, UNEB/Campus' II.","pt","ALCB",1077209446,"BRA:UFBA:ALCB:0000048044","Collection","Lima, LCL; Bispo, SJL; Jesus, NG de","48044","Universidade Federal da Bahia (UFBA)","Universidade Federal da Bahia (UFBA)","2018-08-28T19:19:07.000+0000","5,36m x 0,38m-0,36m-0,31m-0,28m-, tronco perfilhado, casca externamente marrom com manchas brancas, ramos jovens, delgados, longos, faces adaxial verde-escura e abaxial ferruginosa. Folhas simples, alternas. Frutos imaturos glabros, verde-brilhante,","Carneiro, CE; Santos, R.C.S.L.",NA,"","","SOUTH_AMERICA",NA,"","","","","",NA,"","",NA,"","","","",NA,"","","","","","","","",NA,NA,"","","Litoral Norte","Bahia","brazil",NA,"",NA,NA,NA,"","","Bahia",-41.72018023,-12.47295682,"Bahia","ba",-12.133333,-38.416667,"original coordinates","original coordinates outside municipality original in litoral norte falls in alagoinhas"
"81","Chrysophyllum rufum",1094772819,-12.133333,-38.433333,"gass84","2e684fd6-09e2-4661-910a-0a188b610c04","60545be9-4f28-4245-b4b4-07635c8dfa54","none","b38ff2b7-c8af-454e-b5af-ee760f0d5bca","BR","DWC_ARCHIVE","2018-11-14T17:18:21.718+0000","2018-09-10T18:26:18.694+0000",124,"none","PRESERVED_SPECIMEN",2885683,6,7707728,220,1353,8802,2885576,2885683,2885683,"Chrysophyllum rufum Mart.","Chrysophyllum rufum Mart.","Plantae","Tracheophyta","Ericales","Sapotaceae","Chrysophyllum","Chrysophyllum rufum","Chrysophyllum","rufum","SPECIES","ACCEPTED","none","Bahia",1997,10,21,"1997-10-21T00:00:00","2018-09-10T18:26:27.482+0000","http://creativecommons.org/licenses/by-nc/4.0/legalcode","none","none","none","WGS84","Magnoliopsida","BR","Brazil","HUEFS - Herbario da Universidade Estadual de Feira de Santana","BRA:UEFS:HUEFS:0000054771","7","HUEFS - Herbario da Universidade Estadual de Feira de Santana","Alagoinhas","Campus II / UNEB.","pt","HUEFS",1094772819,"BRA:UEFS:HUEFS:0000054771","Collection","Jesus, N.G.","54771","UEFS","Universidade Estadual de Feira de Santana (UEFS)","","Cerrado.","",135,"","","",15,"","","","","",NA,"","",NA,"","","","",NA,"","","","","","","","",NA,NA,"","","Alagoinhas","Bahia","brazil",3580,"Alagoinhas",2900702,-38.399441,-12.109646,"BAHIA","BA","Bahia",-41.72018023,-12.47295682,"Bahia","ba",-12.133333,-38.433333,"original coordinates","original coordinates OK"
"82","Chrysophyllum rufum",1077200040,-12.25,-38.333333,"gass84","5b5cf455-a448-4c0a-aecd-3e0956f27f10","afdd8e93-b4e3-491c-88f0-8a22834ac1a9","none","b38ff2b7-c8af-454e-b5af-ee760f0d5bca","BR","DWC_ARCHIVE","2018-12-03T14:06:12.214+0000","2018-12-03T16:15:49.478+0000",122,"none","PRESERVED_SPECIMEN",2885683,6,7707728,220,1353,8802,2885576,2885683,2885683,"Chrysophyllum rufum Mart.","Chrysophyllum rufum Mart.","Plantae","Tracheophyta","Ericales","Sapotaceae","Chrysophyllum","Chrysophyllum rufum","Chrysophyllum","rufum","SPECIES","ACCEPTED","1996-11-01T00:00:00","Bahia",1996,11,4,"1996-11-04T00:00:00","2018-12-06T14:16:20.653+0000","http://creativecommons.org/licenses/by-nc/4.0/legalcode","none","none","none","WGS84","Magnoliopsida","BR","Brazil","ALCB - Herbário Alexandre Leal Costa","BRA:UFBA:ALCB:0000029549","4582","ALCB - Herbário Alexandre Leal Costa","Litoral Norte","Alagoinhas, Km 03, UNEB/F.F.P.A.","pt","ALCB",1077200040,"BRA:UFBA:ALCB:0000029549","Collection","Guedes, ML; Santos, IS; Jesus, NG de; Bispo, SFL; Jundinalva; Firmizete","029549","Universidade Federal da Bahia (UFBA)","Universidade Federal da Bahia (UFBA)","2018-08-28T19:19:07.000+0000","Ca. de 5,0m de altura, látex alvo. Folhas discolores, face abaxial ferrugínea. Frutos imaturos. Frequência: Ocasional.; Arenoso.","Guedes, ML",NA,"","","SOUTH_AMERICA",NA,"","","","","",NA,"","",NA,"","","","",NA,"","","","","","","","",NA,NA,"","","Litoral Norte","Bahia","brazil",NA,"",NA,NA,NA,"","","Bahia",-41.72018023,-12.47295682,"Bahia","ba",-12.25,-38.333333,"original coordinates","original coordinates outside municipality original in litoral norte falls in aracas"
"83","Chrysophyllum rufum",1928244968,-14.4233,-39.0606,"gass84","d415c253-4d61-4459-9d25-4015b9084fb0","ae447c50-b8a8-11d8-92a4-b8a03c50a862","none","17017c2c-036b-45d9-b045-606d21b00771","US","DWC_ARCHIVE","2018-11-18T14:48:05.563+0000","2018-11-18T14:48:05.607+0000",96,"none","PRESERVED_SPECIMEN",2885683,6,7707728,220,1353,8802,2885576,2885683,2885683,"Chrysophyllum rufum Mart.","Chrysophyllum rufum Mart.","Plantae","Tracheophyta","Ericales","Sapotaceae","Chrysophyllum","Chrysophyllum rufum","Chrysophyllum","rufum","SPECIES","ACCEPTED","none","Bahia",1995,3,21,"1995-03-21T00:00:00","2018-12-05T23:34:22.417+0000","http://creativecommons.org/publicdomain/zero/1.0/legalcode","none","none","none","WGS84","Magnoliopsida","BR","Brazil","The New York Botanical Garden","21a1d8a6-31c5-4efa-a34f-7b0c4dd4a821","10845","Vascular plants","","7.4 km north of Serra Grande on road to Itacaré, Fazenda Lagoa do Conjunto Fazenda Santa Cruz","en","NY",1928244968,"21a1d8a6-31c5-4efa-a34f-7b0c4dd4a821","PhysicalObject","W. W. Thomas","375039","NY","","","","",0,"","","SOUTH_AMERICA",0,"http://sweetgum.nybg.org/science/vh/specimen_details.php?irn=223969","","ICN","http://biocol.org/urn:lsid:biocol.org:col:15556","21 Mar 1995",80,"Uruçuca","sheet",80,"http://biocol.org/urn:lsid:biocol.org:col:15556","","","",NA,"","","","","","","","",NA,NA,"","","","Bahia","brazil",NA,"",NA,NA,NA,"","","Bahia",-41.72018023,-12.47295682,"Bahia","ba",-14.4233,-39.0606,"original coordinates","original coordinates outside municipality original in  falls in urucuca"
"84","Chrysophyllum rufum",1077206735,-12.966667,-38.5,"gass84","5b5cf455-a448-4c0a-aecd-3e0956f27f10","afdd8e93-b4e3-491c-88f0-8a22834ac1a9","none","b38ff2b7-c8af-454e-b5af-ee760f0d5bca","BR","DWC_ARCHIVE","2018-12-03T14:06:15.369+0000","2018-12-03T16:15:52.583+0000",122,"none","PRESERVED_SPECIMEN",2885683,6,7707728,220,1353,8802,2885576,2885683,2885683,"Chrysophyllum rufum Mart.","Chrysophyllum rufum Mart.","Plantae","Tracheophyta","Ericales","Sapotaceae","Chrysophyllum","Chrysophyllum rufum","Chrysophyllum","rufum","SPECIES","ACCEPTED","2008-06-01T00:00:00","Bahia",1995,8,28,"1995-08-28T00:00:00","2018-12-06T14:16:24.036+0000","http://creativecommons.org/licenses/by-nc/4.0/legalcode","none","none","none","WGS84","Magnoliopsida","BR","Brazil","ALCB - Herbário Alexandre Leal Costa","BRA:UFBA:ALCB:0000041033","01","ALCB - Herbário Alexandre Leal Costa","Região Metropolitana Salvador","Salvador, Campo Grande.","pt","ALCB",1077206735,"BRA:UFBA:ALCB:0000041033","Collection","Longa, CM","041033","Universidade Federal da Bahia (UFBA)","Universidade Federal da Bahia (UFBA)","2018-08-28T19:19:07.000+0000","Folhas discolores. Frutos imaturos.; Área antropizada.","E.B.; Almeida Júnior, EB",NA,"","","SOUTH_AMERICA",NA,"","","","","",NA,"","",NA,"","","","",NA,"","","","","","","","",NA,NA,"","","Região Metropolitana Salvador","Bahia","brazil",NA,"",NA,NA,NA,"","","Bahia",-41.72018023,-12.47295682,"Bahia","ba",-12.966667,-38.5,"original coordinates","original coordinates outside municipality original in regiao metropolitana salvador falls in salvador"
"85","Chrysophyllum rufum",1499616779,-8.2,-35.816667,"gass84","da8a0dd0-85c7-4d7a-8a5a-e66b1deaebaa","06542f02-868b-4651-aed4-1ae6b2eb4eb7","none","b38ff2b7-c8af-454e-b5af-ee760f0d5bca","BR","DWC_ARCHIVE","2018-11-24T12:29:50.762+0000","2018-08-03T12:10:19.462+0000",128,"none","PRESERVED_SPECIMEN",2885683,6,7707728,220,1353,8802,2885576,2885683,2885683,"Chrysophyllum rufum Mart.","Chrysophyllum rufum Mart.","Plantae","Tracheophyta","Ericales","Sapotaceae","Chrysophyllum","Chrysophyllum rufum","Chrysophyllum","rufum","SPECIES","ACCEPTED","2018-05-10T00:00:00","Pernambuco",1995,10,10,"1995-10-10T00:00:00","2018-12-06T10:30:38.701+0000","http://creativecommons.org/licenses/by-nc/4.0/legalcode","none","none","none","WGS84","Magnoliopsida","BR","Brazil","PEUFR - Herbário Professor Vasconcelos Sobrinho","BRA:UFRPE:PEUFR:0000021450","203","PEUFR - Herbário Professor Vasconcelos Sobrinho","Bezerros","Parque Ecológico de Serra Negra","pt","PEUFR",1499616779,"BRA:UFRPE:PEUFR:0000021450","Collection","A. Laurênio; M. C. Tschá; E. Inácio","21450","UFRPE","Universidade Federal Rural de Pernambuco, UFRPE","2018-07-17T20:01:16.000+0000","Arbusto com ca. 2m de altura; folhas com pelos ferrugíneos na face dorsal; cálice verde com pelos ferrugíneos, pétalas verdes, filetes verdes, anteras castanhas, ovário com pleos ferrugíneos, estilete verde.","E. S. Almeida",471,"","","",0,"","","","","",NA,"","",NA,"","","","",NA,"","","","","","","","",NA,NA,"","","Bezerros","Pernambuco","brazil",4226,"Bezerros",2601904,-35.783663,-8.220704,"PERNAMBUCO","PE","Pernambuco",-37.99303622,-8.3240949,"Pernambuco","pe",-8.2,-35.816667,"original coordinates","original coordinates OK"
"86","Chrysophyllum rufum",1930372528,-8.2,-35.8167,"gass84","d415c253-4d61-4459-9d25-4015b9084fb0","ae447c50-b8a8-11d8-92a4-b8a03c50a862","none","17017c2c-036b-45d9-b045-606d21b00771","US","DWC_ARCHIVE","2018-11-18T15:58:32.883+0000","2018-11-18T15:58:33.056+0000",96,"none","PRESERVED_SPECIMEN",2885683,6,7707728,220,1353,8802,2885576,2885683,2885683,"Chrysophyllum rufum Mart.","Chrysophyllum rufum Mart.","Plantae","Tracheophyta","Ericales","Sapotaceae","Chrysophyllum","Chrysophyllum rufum","Chrysophyllum","rufum","SPECIES","ACCEPTED","1998-01-01T00:00:00","Pernambuco",1995,10,11,"1995-10-11T00:00:00","2018-12-08T01:18:17.084+0000","http://creativecommons.org/publicdomain/zero/1.0/legalcode","none","none","none","WGS84","Magnoliopsida","BR","Brazil","The New York Botanical Garden","b83b76e8-9d14-489d-b87e-446e0e45eff4","87","Vascular plants","","Parque ecológico de Serra Negra.","en","NY",1930372528,"b83b76e8-9d14-489d-b87e-446e0e45eff4","PhysicalObject","K. N. Yoshida-Arns","561530","NY","","","","T. D. Pennington",471,"","","SOUTH_AMERICA",0,"http://sweetgum.nybg.org/science/vh/specimen_details.php?irn=223968","Vegetaçao arbustiva-arbórea","ICN","http://biocol.org/urn:lsid:biocol.org:col:15556","11 Oct 1995",284,"Bezerros","sheet",284,"http://biocol.org/urn:lsid:biocol.org:col:15556","","1545 ft","",NA,"","","","","","","","",NA,NA,"","","","Pernambuco","brazil",NA,"",NA,NA,NA,"","","Pernambuco",-37.99303622,-8.3240949,"Pernambuco","pe",-8.2,-35.8167,"original coordinates","original coordinates outside municipality original in  falls in bezerros"
"87","Chrysophyllum rufum",1930614249,-8.2,-35.8167,"gass84","d415c253-4d61-4459-9d25-4015b9084fb0","ae447c50-b8a8-11d8-92a4-b8a03c50a862","none","17017c2c-036b-45d9-b045-606d21b00771","US","DWC_ARCHIVE","2018-11-18T16:00:22.899+0000","2018-11-18T16:00:22.946+0000",96,"none","PRESERVED_SPECIMEN",2885683,6,7707728,220,1353,8802,2885576,2885683,2885683,"Chrysophyllum rufum Mart.","Chrysophyllum rufum Mart.","Plantae","Tracheophyta","Ericales","Sapotaceae","Chrysophyllum","Chrysophyllum rufum","Chrysophyllum","rufum","SPECIES","ACCEPTED","1998-01-01T00:00:00","Pernambuco",1995,10,5,"1995-10-05T00:00:00","2018-12-08T01:18:23.262+0000","http://creativecommons.org/publicdomain/zero/1.0/legalcode","none","none","none","WGS84","Magnoliopsida","BR","Brazil","The New York Botanical Garden","c95ef2dc-b76c-4d86-ba01-bd081c136983","76","Vascular plants","","Parque ecológico de Serra Negra.","en","NY",1930614249,"c95ef2dc-b76c-4d86-ba01-bd081c136983","PhysicalObject","E. Inácio","561528","NY","","","","T. D. Pennington",471,"","","SOUTH_AMERICA",0,"http://sweetgum.nybg.org/science/vh/specimen_details.php?irn=223966","Vegetaçao arbustiva-arbórea","ICN","http://biocol.org/urn:lsid:biocol.org:col:15556","05 Oct 1995",278,"Bezerros","sheet",278,"http://biocol.org/urn:lsid:biocol.org:col:15556","","1545 ft","",NA,"","","","","","","","",NA,NA,"","","","Pernambuco","brazil",NA,"",NA,NA,NA,"","","Pernambuco",-37.99303622,-8.3240949,"Pernambuco","pe",-8.2,-35.8167,"original coordinates","original coordinates outside municipality original in  falls in bezerros"
"88","Chrysophyllum rufum",1929087349,-8.2,-35.8167,"gass84","d415c253-4d61-4459-9d25-4015b9084fb0","ae447c50-b8a8-11d8-92a4-b8a03c50a862","none","17017c2c-036b-45d9-b045-606d21b00771","US","DWC_ARCHIVE","2018-11-18T15:00:08.914+0000","2018-11-18T15:00:08.928+0000",96,"none","PRESERVED_SPECIMEN",2885683,6,7707728,220,1353,8802,2885576,2885683,2885683,"Chrysophyllum rufum Mart.","Chrysophyllum rufum Mart.","Plantae","Tracheophyta","Ericales","Sapotaceae","Chrysophyllum","Chrysophyllum rufum","Chrysophyllum","rufum","SPECIES","ACCEPTED","1998-01-01T00:00:00","Pernambuco",1995,12,27,"1995-12-27T00:00:00","2018-12-08T01:14:40.470+0000","http://creativecommons.org/publicdomain/zero/1.0/legalcode","none","none","none","WGS84","Magnoliopsida","BR","Brazil","The New York Botanical Garden","5d3bcd2d-ef78-4912-81c6-5a9cf70d8b00","13","Vascular plants","","Parque ecológico de Serra Negra.","en","NY",1929087349,"5d3bcd2d-ef78-4912-81c6-5a9cf70d8b00","PhysicalObject","M. J. Hora","561529","NY","","","","T. D. Pennington",444,"","","SOUTH_AMERICA",0,"http://sweetgum.nybg.org/science/vh/specimen_details.php?irn=223967","Borda da mata. Vegetaçao arbustiva-arbórea","ICN","http://biocol.org/urn:lsid:biocol.org:col:15556","27 Dec 1995",361,"Bezerros","sheet",361,"http://biocol.org/urn:lsid:biocol.org:col:15556","","1457 ft","",NA,"","","","","","","","",NA,NA,"","","","Pernambuco","brazil",NA,"",NA,NA,NA,"","","Pernambuco",-37.99303622,-8.3240949,"Pernambuco","pe",-8.2,-35.8167,"original coordinates","original coordinates outside municipality original in  falls in bezerros"
"89","Chrysophyllum rufum",1424424382,-11.293889,-38.19,"cdround,gass84","4300f8d5-1ae5-49e5-a101-63894b005868","838537fc-4aeb-4980-8b58-97fbdcd1d91a","none","da7fe11a-b42c-46cb-9e9d-02243edb738a","BR","DWC_ARCHIVE","2018-10-02T15:42:15.078+0000","2018-09-24T20:03:31.410+0000",207,"none","PRESERVED_SPECIMEN",2885683,6,7707728,220,1353,8802,2885576,2885683,2885683,"Chrysophyllum rufum Mart.","Chrysophyllum rufum Mart.","Plantae","Tracheophyta","Ericales","Sapotaceae","Chrysophyllum","Chrysophyllum rufum","Chrysophyllum","rufum","SPECIES","ACCEPTED","2017-08-31T00:00:00","Bahia",1994,6,16,"1994-06-16T00:00:00","2018-12-06T17:00:15.084+0000","http://creativecommons.org/licenses/by/4.0/legalcode","none","none","none","WGS84","Magnoliopsida","BR","Brazil","Rio de Janeiro Botanical Garden","urn:catalog:JBRJ:RB:728434","500","RB - Rio de Janeiro Botanical Garden Herbarium Collection","Itapicuru","Rod. Itapicuri/Tobias Barreto (SE), km 4.","","RB",1424424382,"urn:catalog:JBRJ:RB:728434","PhysicalObject","S.C. de Sant´Ana; L.A. Mattos Silva, J.G. Jardim, E.B. dos Santos","RB00728434","JBRJ","","2017-09-04T10:09:29.627+0000","Árvora, 3m de altura. Flores em botões. Folhas com a face adaxial verde-escuro e a face abaxial ferrugínea. Abundante na região.","A.ALVES-ARAÚJO",NA,"RB 556209","Vegetação de caatinga. Solo Silico-argiloso.","",NA,"","","","","",NA,"","",NA,"","","","",NA,"","","","","","","","",NA,NA,"","","Itapicuru","Bahia","brazil",3714,"Itapicuru",2916500,-38.189139,-11.195407,"BAHIA","BA","Bahia",-41.72018023,-12.47295682,"Bahia","ba",-11.293889,-38.19,"original coordinates","original coordinates OK"
"90","Chrysophyllum rufum",1077196682,-12.951667,-38.42,"gass84","5b5cf455-a448-4c0a-aecd-3e0956f27f10","afdd8e93-b4e3-491c-88f0-8a22834ac1a9","none","b38ff2b7-c8af-454e-b5af-ee760f0d5bca","BR","DWC_ARCHIVE","2018-12-03T14:06:08.838+0000","2018-12-03T16:16:02.007+0000",122,"none","PRESERVED_SPECIMEN",2885683,6,7707728,220,1353,8802,2885576,2885683,2885683,"Chrysophyllum rufum Mart.","Chrysophyllum rufum Mart.","Plantae","Tracheophyta","Ericales","Sapotaceae","Chrysophyllum","Chrysophyllum rufum","Chrysophyllum","rufum","SPECIES","ACCEPTED","1992-03-01T00:00:00","Bahia",1992,2,15,"1992-02-15T00:00:00","2018-12-06T14:16:19.118+0000","http://creativecommons.org/licenses/by-nc/4.0/legalcode","none","none","none","WGS84","Magnoliopsida","BR","Brazil","ALCB - Herbário Alexandre Leal Costa","BRA:UFBA:ALCB:0000024727","1614","ALCB - Herbário Alexandre Leal Costa","Região Metropolitana Salvador","Salvador, Área de Pituaçu (UCSal).","pt","ALCB",1077196682,"BRA:UFBA:ALCB:0000024727","Collection","Bautista, HP; et al.","024727","Universidade Federal da Bahia (UFBA)","Universidade Federal da Bahia (UFBA)","2018-08-28T19:19:07.000+0000","Com aproximadamente 6m de altura; folhas com a face dorsal rufa; material estéril. Rara.; Vegetação Secundária da Floresta Atlântica.","Guedes, ML; Bautista, HP; Pinto, GCP",NA,"","","SOUTH_AMERICA",NA,"","","","","",NA,"","",NA,"","","","",NA,"","","","","","","","",NA,NA,"","","Região Metropolitana Salvador","Bahia","brazil",NA,"",NA,NA,NA,"","","Bahia",-41.72018023,-12.47295682,"Bahia","ba",-12.951667,-38.42,"original coordinates","original coordinates outside municipality original in regiao metropolitana salvador falls in salvador"
"91","Chrysophyllum rufum",1090413885,-13.033333,-41.416667,"gass84","bc81e05b-ed51-46ba-a0a4-90fbae9b5545","c6aacf9d-a5a7-4d7f-a6fc-ea0a4b8ec450","none","b38ff2b7-c8af-454e-b5af-ee760f0d5bca","BR","DWC_ARCHIVE","2018-11-24T12:33:06.816+0000","2018-11-24T12:33:06.880+0000",122,"none","PRESERVED_SPECIMEN",2885683,6,7707728,220,1353,8802,2885576,2885683,2885683,"Chrysophyllum rufum Mart.","Chrysophyllum rufum Mart.","Plantae","Tracheophyta","Ericales","Sapotaceae","Chrysophyllum","Chrysophyllum rufum","Chrysophyllum","rufum","SPECIES","ACCEPTED","none","Bahia",1985,2,8,"1985-02-08T00:00:00","2018-12-08T04:42:16.595+0000","http://creativecommons.org/licenses/by-nc/4.0/legalcode","none","none","none","WGS84","Magnoliopsida","BR","Brazil","CEPEC - Herbário do Centro de Pesquisas do Cacau","BRA:CEPLAC:CEPEC:0000012111","16089","CEPEC - Herbário do Centro de Pesquisas do Cacau","MUCUGÊ","9Km ao SW Mucuge, Rod.p/Cascavel, a W prox. do Rio Paraguaçu.","pt","CEPEC",1090413885,"BRA:CEPLAC:CEPEC:0000012111","Collection","R. M. Harley","12111","Comissão Executiva do Plano da Lavoura Cacaueira (CEPLAC)","Comissão Executiva do Plano da Lavoura Cacaueira (CEPLAC)","2018-11-14T17:53:06.000+0000","","T. D. Pennington",NA,"30/12/1990","","",NA,"","","","","",NA,"","",NA,"","","","",NA,"","","","","","","","",NA,NA,"","","MUCUGÊ","Bahia","brazil",3451,"Mucugê",2921906,-41.469352,-13.061639,"BAHIA","BA","Bahia",-41.72018023,-12.47295682,"Bahia","ba",-13.033333,-41.416667,"original coordinates","original coordinates OK"
"92","Chrysophyllum rufum",1090440432,-10.883333,-38.633333,"gass84","bc81e05b-ed51-46ba-a0a4-90fbae9b5545","c6aacf9d-a5a7-4d7f-a6fc-ea0a4b8ec450","none","b38ff2b7-c8af-454e-b5af-ee760f0d5bca","BR","DWC_ARCHIVE","2018-11-24T12:33:32.870+0000","2018-11-24T12:33:32.894+0000",122,"none","PRESERVED_SPECIMEN",2885683,6,7707728,220,1353,8802,2885576,2885683,2885683,"Chrysophyllum rufum Mart.","Chrysophyllum rufum Mart.","Plantae","Tracheophyta","Ericales","Sapotaceae","Chrysophyllum","Chrysophyllum rufum","Chrysophyllum","rufum","SPECIES","ACCEPTED","none","Bahia",1984,5,25,"1984-05-25T00:00:00","2018-12-08T04:42:28.066+0000","http://creativecommons.org/licenses/by-nc/4.0/legalcode","none","none","none","WGS84","Magnoliopsida","BR","Brazil","CEPEC - Herbário do Centro de Pesquisas do Cacau","BRA:CEPLAC:CEPEC:0000041036","167","CEPEC - Herbário do Centro de Pesquisas do Cacau","RIBEIRA DO POMBAL","","pt","CEPEC",1090440432,"BRA:CEPLAC:CEPEC:0000041036","Collection","L. C. de O. Filho","41036","Comissão Executiva do Plano da Lavoura Cacaueira (CEPLAC)","Comissão Executiva do Plano da Lavoura Cacaueira (CEPLAC)","2018-11-14T17:53:06.000+0000","","J. Arouck",NA,"12/06/1984","","",NA,"","","","","",NA,"","",NA,"","","","",NA,"","","","","","","","",NA,NA,"","","RIBEIRA DO POMBAL","Bahia","brazil",3776,"Ribeira do Pombal",2926608,-38.495019,-10.766723,"BAHIA","BA","Bahia",-41.72018023,-12.47295682,"Bahia","ba",-10.883333,-38.633333,"original coordinates","original coordinates OK"
"93","Chrysophyllum rufum",1213623381,-11.816667,-38.733333,"gass84","d82d5a18-0428-4e52-be16-f509153e8126","e97090cb-7731-41c7-ac24-31a841730654","none","b38ff2b7-c8af-454e-b5af-ee760f0d5bca","BR","DWC_ARCHIVE","2018-11-14T17:19:12.946+0000","2018-05-05T19:39:29.422+0000",114,"none","PRESERVED_SPECIMEN",2885683,6,7707728,220,1353,8802,2885576,2885683,2885683,"Chrysophyllum rufum Mart.","Chrysophyllum rufum Mart.","Plantae","Tracheophyta","Ericales","Sapotaceae","Chrysophyllum","Chrysophyllum rufum","Chrysophyllum","rufum","SPECIES","ACCEPTED","2017-07-25T00:00:00","Bahia",1984,5,25,"1984-05-25T00:00:00","2018-07-08T01:32:32.895+0000","http://creativecommons.org/licenses/by-nc/4.0/legalcode","none","none","none","WGS84","Magnoliopsida","BR","Brazil","UB - Herbário da Universidade de Brasília","BRA:UnB:UB:0000166840","318","UB - Herbário da Universidade de Brasília","Água Fria","Estrada que liga Água Fria a CIA Celulose da Bahia.","pt","UB",1213623381,"BRA:UnB:UB:0000166840","Collection","Brazão, JEM; Oliveira, CG","166840","UnB","Universidade de Brasília (UnB)","","Terrestre com 2m de alt. diâm. à altura do peito 25cm, diâm. da copa 1,5m; fanerófita. Caule cinza-claro.; Savana Arbórea Aberta. Solo arenoso. Relevo plano.","Lima, LF",275,"","","SOUTH_AMERICA",0,"","","","","",NA,"","",NA,"","","","",NA,"","","","","","","","",NA,NA,"","","Água Fria","Bahia","brazil",3621,"Água Fria",2900405,-38.723787,-11.828215,"BAHIA","BA","Bahia",-41.72018023,-12.47295682,"Bahia","ba",-11.816667,-38.733333,"original coordinates","original coordinates OK"
"94","Chrysophyllum rufum",1424112195,-11.833333,-38.7,"cdround,gass84","4300f8d5-1ae5-49e5-a101-63894b005868","838537fc-4aeb-4980-8b58-97fbdcd1d91a","none","da7fe11a-b42c-46cb-9e9d-02243edb738a","BR","DWC_ARCHIVE","2018-10-02T15:39:05.671+0000","2018-09-24T20:00:34.102+0000",207,"none","PRESERVED_SPECIMEN",2885683,6,7707728,220,1353,8802,2885576,2885683,2885683,"Chrysophyllum rufum Mart.","Chrysophyllum rufum Mart.","Plantae","Tracheophyta","Ericales","Sapotaceae","Chrysophyllum","Chrysophyllum rufum","Chrysophyllum","rufum","SPECIES","ACCEPTED","1984-10-19T00:00:00","Bahia",1984,8,20,"1984-08-20T00:00:00","2018-12-06T16:57:15.281+0000","http://creativecommons.org/licenses/by/4.0/legalcode","none","none","none","WGS84","Magnoliopsida","BR","Brazil","Rio de Janeiro Botanical Garden","urn:catalog:JBRJ:RB:372128","179","RB - Rio de Janeiro Botanical Garden Herbarium Collection","Água Fria","ESTRADA PARA CIA. DE CELULOSE DA BAHIA.","","RB",1424112195,"urn:catalog:JBRJ:RB:372128","PhysicalObject","J. C. A. LIMA; M. MESSIAS SANTOS","RB00372128","JBRJ","","2017-10-19T03:28:17.511+0000","ARBUSTO; FANERÓFITO. FOLHAS BRILHOSA NA PARTE DORSAL E CORFERRUGEM A PARTE VENTRAL, FLORES PEQUENAS DE COR CREME DISPOSTAS NA AXILA DAS FOLHAS. FREQUENCIA FRANCA","J. D. C. AROUCK FERREIRA / J. C. A. LIMA",430,"RB 243142","VEG. SAVANA ARBÓREA ABERTA SEM FLORESTA DE GALERIA; SOLO ARENOSO; RELEVO: TABULAR","",NA,"","","","","",NA,"","",NA,"","","","",NA,"","","","","","","","",NA,NA,"","","Água Fria","Bahia","brazil",3621,"Água Fria",2900405,-38.723787,-11.828215,"BAHIA","BA","Bahia",-41.72018023,-12.47295682,"Bahia","ba",-11.833333,-38.7,"original coordinates","original coordinates OK"
"95","Chrysophyllum rufum",1077196678,-11.333333,-40.5,"gass84","5b5cf455-a448-4c0a-aecd-3e0956f27f10","afdd8e93-b4e3-491c-88f0-8a22834ac1a9","none","b38ff2b7-c8af-454e-b5af-ee760f0d5bca","BR","DWC_ARCHIVE","2018-12-03T14:06:08.932+0000","2018-12-03T16:16:02.048+0000",122,"none","PRESERVED_SPECIMEN",2885683,6,7707728,220,1353,8802,2885576,2885683,2885683,"Chrysophyllum rufum Mart.","Chrysophyllum rufum Mart.","Plantae","Tracheophyta","Ericales","Sapotaceae","Chrysophyllum","Chrysophyllum rufum","Chrysophyllum","rufum","SPECIES","ACCEPTED","1982-06-01T00:00:00","Bahia",1982,6,1,"1982-06-01T00:00:00","2018-12-06T14:16:19.100+0000","http://creativecommons.org/licenses/by-nc/4.0/legalcode","none","none","none","WGS84","Magnoliopsida","BR","Brazil","ALCB - Herbário Alexandre Leal Costa","BRA:UFBA:ALCB:0000024642","s/n","ALCB - Herbário Alexandre Leal Costa","Jacobina","Piemonte da Diamantina","pt","ALCB",1077196678,"BRA:UFBA:ALCB:0000024642","Collection","Orlandi, RP","24642","Universidade Federal da Bahia (UFBA)","Universidade Federal da Bahia (UFBA)","2018-08-28T19:19:07.000+0000","Arvore com 8m de altura.&nf;Folhas com a face dorsal intensamente ferrugineo-tomentosas e a face ventral verde.&nf;Frutos imaturos de cor verde e maduros de cor avermelhados.&nf;Rara.; Vegetacao secundaria.","Vaz, A",NA,"","","SOUTH_AMERICA",NA,"","","","","",NA,"","",NA,"","","","",NA,"","","","","","","","",NA,NA,"","","Jacobina","Bahia","brazil",3721,"Jacobina",2917508,-40.560093,-11.137404,"BAHIA","BA","Bahia",-41.72018023,-12.47295682,"Bahia","ba",-11.333333,-40.5,"original coordinates","original coordinates OK"
"96","Chrysophyllum rufum",1094724517,-9.333333,-38.483333,"gass84","2e684fd6-09e2-4661-910a-0a188b610c04","60545be9-4f28-4245-b4b4-07635c8dfa54","none","b38ff2b7-c8af-454e-b5af-ee760f0d5bca","BR","DWC_ARCHIVE","2018-11-14T17:17:50.836+0000","2018-09-10T18:25:47.986+0000",124,"none","PRESERVED_SPECIMEN",2885683,6,7707728,220,1353,8802,2885576,2885683,2885683,"Chrysophyllum rufum Mart.","Chrysophyllum rufum Mart.","Plantae","Tracheophyta","Ericales","Sapotaceae","Chrysophyllum","Chrysophyllum rufum","Chrysophyllum","rufum","SPECIES","ACCEPTED","none","Bahia",1982,10,26,"1982-10-26T00:00:00","2018-09-10T18:25:49.805+0000","http://creativecommons.org/licenses/by-nc/4.0/legalcode","none","none","none","WGS84","Magnoliopsida","BR","Brazil","HUEFS - Herbario da Universidade Estadual de Feira de Santana","BRA:UEFS:HUEFS:0000006385","445","HUEFS - Herbario da Universidade Estadual de Feira de Santana","Santa Brígida","Estação Ecológica do Raso da Catarina.","pt","HUEFS",1094724517,"BRA:UEFS:HUEFS:0000006385","Collection","Queiroz, L.P.de","6385","UEFS","Universidade Estadual de Feira de Santana (UEFS)","","Mata das Pororocas.","",NA,"","","",NA,"","","","","",NA,"","",NA,"","","","",NA,"","","","","","","","",NA,NA,"","","Santa Brígida","Bahia","brazil",3949,"Santa Brígida",2927606,-38.143124,-9.758288,"BAHIA","BA","Bahia",-41.72018023,-12.47295682,"Bahia","ba",-9.333333,-38.483333,"original coordinates","original coordinates outside municipality original in santa brigida falls in gloria"
"97","Chrysophyllum rufum",1424112169,-10.2,-38.5,"gass84","4300f8d5-1ae5-49e5-a101-63894b005868","838537fc-4aeb-4980-8b58-97fbdcd1d91a","none","da7fe11a-b42c-46cb-9e9d-02243edb738a","BR","DWC_ARCHIVE","2018-10-02T15:39:05.688+0000","2018-09-24T20:00:34.068+0000",207,"none","PRESERVED_SPECIMEN",2885683,6,7707728,220,1353,8802,2885576,2885683,2885683,"Chrysophyllum rufum Mart.","Chrysophyllum rufum Mart.","Plantae","Tracheophyta","Ericales","Sapotaceae","Chrysophyllum","Chrysophyllum rufum","Chrysophyllum","rufum","SPECIES","ACCEPTED","none","Bahia",1981,6,1,"1981-06-01T00:00:00","2018-12-06T16:57:15.329+0000","http://creativecommons.org/licenses/by/4.0/legalcode","none","none","none","WGS84","Magnoliopsida","BR","Brazil","Rio de Janeiro Botanical Garden","urn:catalog:JBRJ:RB:372106","418","RB - Rio de Janeiro Botanical Garden Herbarium Collection","Jeremoabo","","","RB",1424112169,"urn:catalog:JBRJ:RB:372106","PhysicalObject","ROBERTO P. ORLANDI","RB00372106","JBRJ","","","ÁRV. DE 2 A 3M DE ALT.; CAULE CASTANHO; FOLHAS VERDES OCRE; BOTÃO VERDE; CÁLICE OCRE. FREQUENCIA DENSA","M. P. M. DE LIMA",NA,"RB 209864","VEG. SAVANA/ESTEPE","",NA,"","","","","",NA,"","",NA,"","","","",NA,"","","","","","","","",NA,NA,"","","Jeremoabo","Bahia","brazil",3925,"Jeremoabo",2918100,-38.549511,-9.938821,"BAHIA","BA","Bahia",-41.72018023,-12.47295682,"Bahia","ba",-10.2,-38.5,"original coordinates","original coordinates OK"
"98","Chrysophyllum rufum",1424112188,-10.166667,-37.8,"cdround,gass84","4300f8d5-1ae5-49e5-a101-63894b005868","838537fc-4aeb-4980-8b58-97fbdcd1d91a","none","da7fe11a-b42c-46cb-9e9d-02243edb738a","BR","DWC_ARCHIVE","2018-10-02T15:39:05.707+0000","2018-09-24T20:00:34.064+0000",207,"none","PRESERVED_SPECIMEN",2885683,6,7707728,220,1353,8802,2885576,2885683,2885683,"Chrysophyllum rufum Mart.","Chrysophyllum rufum Mart.","Plantae","Tracheophyta","Ericales","Sapotaceae","Chrysophyllum","Chrysophyllum rufum","Chrysophyllum","rufum","SPECIES","ACCEPTED","none","Alagoas",1981,10,22,"1981-10-22T00:00:00","2018-12-06T16:57:15.299+0000","http://creativecommons.org/licenses/by/4.0/legalcode","none","none","none","WGS84","Magnoliopsida","BR","Brazil","Rio de Janeiro Botanical Garden","urn:catalog:JBRJ:RB:372136","244","RB - Rio de Janeiro Botanical Garden Herbarium Collection","Alagoas","MATA GRANDE.","","RB",1424112188,"urn:catalog:JBRJ:RB:372136","PhysicalObject","LUCIA M. C. GONÇALVES","RB00372136","JBRJ","","2014-07-08T02:36:16.714+0000","ÁRV. DE 5M DE ALT; CAULE CASTANHO, FOLHAS COM A FACE DORSAL FERRUGÍNEA. FRUTOS MARROM. FREQUENCIA MEDIANA.","G. C. P. PINTO",NA,"RB 208953","FLORESTA ESTACIONAL SEMIDECIDUAL","",NA,"","","","","",NA,"","",NA,"","","","",NA,"","","","","","","","",NA,NA,"","","Alagoas","Alagoas","brazil",NA,"",NA,NA,NA,"","","Alagoas",-36.62362821,-9.51494324,"Alagoas","al",-10.166667,-37.8,"original coordinates","original coordinates outside municipality original in alagoas falls in pedro alexandre"
"99","Chrysophyllum rufum",1090430217,-11.271944,-40.463333,"gass84","bc81e05b-ed51-46ba-a0a4-90fbae9b5545","c6aacf9d-a5a7-4d7f-a6fc-ea0a4b8ec450","none","b38ff2b7-c8af-454e-b5af-ee760f0d5bca","BR","DWC_ARCHIVE","2018-11-24T12:33:23.343+0000","2018-11-24T12:33:23.450+0000",122,"none","PRESERVED_SPECIMEN",2885683,6,7707728,220,1353,8802,2885576,2885683,2885683,"Chrysophyllum rufum Mart.","Chrysophyllum rufum Mart.","Plantae","Tracheophyta","Ericales","Sapotaceae","Chrysophyllum","Chrysophyllum rufum","Chrysophyllum","rufum","SPECIES","ACCEPTED","none","Bahia",1980,8,25,"1980-08-25T00:00:00","2018-12-08T04:42:23.727+0000","http://creativecommons.org/licenses/by-nc/4.0/legalcode","none","none","none","WGS84","Magnoliopsida","BR","Brazil","CEPEC - Herbário do Centro de Pesquisas do Cacau","BRA:CEPLAC:CEPEC:0000029880","250","CEPEC - Herbário do Centro de Pesquisas do Cacau","JACOBINA","Sem informação.","pt","CEPEC",1090430217,"BRA:CEPLAC:CEPEC:0000029880","Collection","R. P. Orlandi","29880","Comissão Executiva do Plano da Lavoura Cacaueira (CEPLAC)","Comissão Executiva do Plano da Lavoura Cacaueira (CEPLAC)","2018-11-14T14:32:30.000+0000","","T. D. Pennington",NA,"30/12/1990","","",NA,"","","","","",NA,"","",NA,"","","","",NA,"","","","","","","","",NA,NA,"","","JACOBINA","Bahia","brazil",3721,"Jacobina",2917508,-40.560093,-11.137404,"BAHIA","BA","Bahia",-41.72018023,-12.47295682,"Bahia","ba",-11.271944,-40.463333,"original coordinates","original coordinates OK"
"100","Chrysophyllum rufum",1077532908,-4.466667,-39.6,"gass84","f45c5ee0-e5ec-42e3-a80a-07318144efa4","202d5f34-ff58-4ad7-964f-c947ce18078e","none","b38ff2b7-c8af-454e-b5af-ee760f0d5bca","BR","DWC_ARCHIVE","2018-11-23T15:40:48.531+0000","2018-08-03T12:04:45.694+0000",130,"none","PRESERVED_SPECIMEN",2885683,6,7707728,220,1353,8802,2885576,2885683,2885683,"Chrysophyllum rufum Mart.","Chrysophyllum rufum Mart.","Plantae","Tracheophyta","Ericales","Sapotaceae","Chrysophyllum","Chrysophyllum rufum","Chrysophyllum","rufum","SPECIES","ACCEPTED","1980-05-23T00:00:00","Ceará",1979,9,12,"1979-09-12T00:00:00","2018-12-09T10:54:28.515+0000","http://creativecommons.org/licenses/by-nc/4.0/legalcode","none","none","none","WGS84","Magnoliopsida","BR","Brazil","IPA - Herbário - IPA Dárdano de Andrade Lima","BRA:IPA:IPA:0000024327","98","IPA - Herbário - IPA Dárdano de Andrade Lima","Capistrano","","pt","IPA",1077532908,"BRA:IPA:IPA:0000024327","Collection","Jordy Filho, S.","24327","IPA","Empresa Pernambucana de Pesquisa Agropecuária, IPA","2018-07-10T14:22:19.000+0000","Árvore ca. 8m de altura; caule acinzentado e frutos verdes. Cálice ferrugíneo. Presença de látex.","Pires, J.M.",NA,"","","SOUTH_AMERICA",NA,"","","","","",NA,"","",NA,"","","","",NA,"","","","","","","","",NA,NA,"","","Capistrano","Ceará","brazil",5150,"Capistrano",2302909,-38.909423,-4.46826,"CEARA","CE","Ceará",-39.61556123,-5.09311398,"Ceará","ce",-4.466667,-39.6,"original coordinates","original coordinates outside municipality original in capistrano falls in caninde"
"101","Chrysophyllum rufum",1094726234,-12.25,-38.966667,"gass84,iddatunl","2e684fd6-09e2-4661-910a-0a188b610c04","60545be9-4f28-4245-b4b4-07635c8dfa54","none","b38ff2b7-c8af-454e-b5af-ee760f0d5bca","BR","DWC_ARCHIVE","2018-11-14T17:17:51.827+0000","2018-09-10T18:25:48.887+0000",124,"none","PRESERVED_SPECIMEN",2885683,6,7707728,220,1353,8802,2885576,2885683,2885683,"Chrysophyllum rufum Mart.","Chrysophyllum rufum Mart.","Plantae","Tracheophyta","Ericales","Sapotaceae","Chrysophyllum","Chrysophyllum rufum","Chrysophyllum","rufum","SPECIES","ACCEPTED","1998-03-01T00:00:00","Bahia",1977,7,6,"1977-07-06T00:00:00","2018-09-10T18:25:51.178+0000","http://creativecommons.org/licenses/by-nc/4.0/legalcode","none","none","none","WGS84","Magnoliopsida","BR","Brazil","HUEFS - Herbario da Universidade Estadual de Feira de Santana","BRA:UEFS:HUEFS:0000008132","1707","HUEFS - Herbario da Universidade Estadual de Feira de Santana","Feira de Santana","","pt","HUEFS",1094726234,"BRA:UEFS:HUEFS:0000008132","Collection","Queiroz, L.P.de","8132","UEFS","Universidade Estadual de Feira de Santana (UEFS)","","","T.D.Pennington",NA,"","","",NA,"","","","","",NA,"","",NA,"","","","",NA,"","","","","","","","",NA,NA,"","","Feira de Santana","Bahia","brazil",3568,"Feira de Santana",2910800,-39.035855,-12.189517,"BAHIA","BA","Bahia",-41.72018023,-12.47295682,"Bahia","ba",-12.25,-38.966667,"original coordinates","original coordinates OK"
"102","Chrysophyllum rufum",1137296987,-13.033333,-41.416667,"","15f819bd-6612-4447-854b-14d12ee1022d","396d5f30-dea9-11db-8ab4-b8a03c50a862","none","65eb93af-41b8-4917-a5fc-cfe2a45aa4bf","NL","DWC_ARCHIVE","2018-12-11T19:20:28.153+0000","2018-01-23T11:25:41.099+0000",81,"none","PRESERVED_SPECIMEN",2885683,6,7707728,220,1353,8802,2885576,2885683,2885683,"Chrysophyllum rufum Mart.","Chrysophyllum rufum Mart.","Plantae","Tracheophyta","Ericales","Sapotaceae","Chrysophyllum","Chrysophyllum rufum","Chrysophyllum","rufum","SPECIES","ACCEPTED","none","",1974,2,6,"1974-02-06T00:00:00","2018-12-10T08:22:20.131+0000","http://creativecommons.org/publicdomain/zero/1.0/legalcode","none","none","none","WGS84","Magnoliopsida","BR","Brazil","","U.1596652","","","","Brazil: Estado de Bahia. 9km S.W. of Mucuge, on road from Cascaval. Waste ground by Rio Paraguacu with seconday wodland,damp grassland.","","Botany",1137296987,"http://data.biodiversitydata.nl/naturalis/specimen/U.1596652","","Harley RM; et al.","U.1596652","","","","","",NA,"","","SOUTH_AMERICA",NA,"","","ICN","","1974/02/06",NA,"","",NA,"","","","",NA,"","","species","Plantae|Magnoliopsidae|Ericales|Sapotaceae","","","","",NA,NA,"","","","","brazil",NA,"",NA,NA,NA,"","","",NA,NA,NA,"",-13.033333,-41.416667,"original coordinates","original coordinates outside municipality original in  falls in mucuge"
"103","Chrysophyllum rufum",1087665541,-10.346944,-36.800833,"gass84","76823beb-2f33-47a6-96a1-ccd2df47ac28","9243118c-e750-412b-91f4-ac987666eee1","none","b38ff2b7-c8af-454e-b5af-ee760f0d5bca","BR","DWC_ARCHIVE","2018-11-23T18:46:52.958+0000","2018-09-24T19:50:01.287+0000",132,"none","PRESERVED_SPECIMEN",2885683,6,7707728,220,1353,8802,2885576,2885683,2885683,"Chrysophyllum rufum Mart.","Chrysophyllum rufum Mart.","Plantae","Tracheophyta","Ericales","Sapotaceae","Chrysophyllum","Chrysophyllum rufum","Chrysophyllum","rufum","SPECIES","ACCEPTED","2007-03-28T00:00:00","Sergipe",1974,9,24,"1974-09-24T00:00:00","2018-12-08T13:05:49.613+0000","http://creativecommons.org/licenses/by-nc/4.0/legalcode","none","none","none","WGS84","Magnoliopsida","BR","Brazil","ASE - Herbário da Universidade Federal de Sergipe","BRA:UFS:ASE:0000001158","ASE1158","ASE - Herbário da Universidade Federal de Sergipe","Japoatã","","pt","ASE",1087665541,"BRA:UFS:ASE:0000001158","Collection","Fonseca, MR","1158","Universidade Federal de Sergipe, UFS","Universidade Federal de Sergipe, UFS","2018-08-31T18:31:29.000+0000","Árvore. folhas simples e alternas.; Árvore. folhas simples e alternas.; Cerrado","F.Cavalcante",NA,"","","SOUTH_AMERICA",NA,"","","","","",NA,"","",NA,"","","","",NA,"","","","","","","","",NA,NA,"","","Japoatã","Sergipe","brazil",3839,"Japoatã",2803401,-36.788972,-10.436391,"SERGIPE","SE","Sergipe",-37.44360505,-10.583842,"Sergipe","se",-10.346944,-36.800833,"original coordinates","original coordinates OK"
"104","Chrysophyllum rufum",1095185085,-11.532525,-41.166122,"gass84","a59636ef-6028-4fa4-8895-553ba8af3b02","9ceb2103-24bb-44db-9211-13712279a055","none","b38ff2b7-c8af-454e-b5af-ee760f0d5bca","BR","DWC_ARCHIVE","2018-11-24T12:29:21.687+0000","2017-12-29T14:57:17.692+0000",127,"none","PRESERVED_SPECIMEN",2885683,6,7707728,220,1353,8802,2885576,2885683,2885683,"Chrysophyllum rufum Mart.","Chrysophyllum rufum Mart.","Plantae","Tracheophyta","Ericales","Sapotaceae","Chrysophyllum","Chrysophyllum rufum","Chrysophyllum","rufum","SPECIES","ACCEPTED","none","Bahia",1973,5,16,"1973-05-16T00:00:00","2018-07-07T12:38:58.962+0000","http://creativecommons.org/licenses/by-nc/4.0/legalcode","none","none","none","WGS84","Magnoliopsida","BR","Brazil","HUCPE - Herbário da Universidade Católica de Pernambuco","BRA:UNICAP:HUCPE:0000000216","208","HUCPE - Herbário da Universidade Católica de Pernambuco","Morro do Chapéu","Fazenda Malhada Granda.","pt","HUCPE",1095185085,"BRA:UNICAP:HUCPE:0000000216","Collection","Ramalho, F. .B.","216","UNICAP","Universidade Católica de Pernambuco (UNICAP)","","Árvore com mais ou menos 10m de altura. Flores verdes. Tem látex.","",9999,"","","",0,"","","","","",NA,"","",NA,"","","","",NA,"","","","","","","","",NA,NA,"","","Morro do Chapéu","Bahia","brazil",3674,"Morro do Chapéu",2921708,-41.151587,-11.472221,"BAHIA","BA","Bahia",-41.72018023,-12.47295682,"Bahia","ba",-11.532525,-41.166122,"original coordinates","original coordinates OK"
"105","Chrysophyllum rufum",1090541057,-12.61651,-39.16671,"gass84","1064b787-c882-493e-b17d-4ffba363b776","c47cd3b0-2178-4a4b-87a6-740b482970a9","none","b38ff2b7-c8af-454e-b5af-ee760f0d5bca","BR","DWC_ARCHIVE","2018-11-23T18:20:03.132+0000","2018-07-04T12:05:03.537+0000",129,"none","PRESERVED_SPECIMEN",2885683,6,7707728,220,1353,8802,2885576,2885683,2885683,"Chrysophyllum rufum Mart.","Chrysophyllum rufum Mart.","Plantae","Tracheophyta","Ericales","Sapotaceae","Chrysophyllum","Chrysophyllum rufum","Chrysophyllum","rufum","SPECIES","ACCEPTED","1950-03-15T00:00:00","Bahia",1950,3,15,"1950-03-15T00:00:00","2018-12-08T04:43:11.126+0000","http://creativecommons.org/licenses/by-nc/4.0/legalcode","none","none","none","WGS84","Magnoliopsida","BR","Brazil","IAC - Herbário do Instituto Agronômico de Campinas","BRA:IAC:IAC:0000011162","s/nº","IAC - Herbário do Instituto Agronômico de Campinas","Muritiba","São José do Aporá","pt","IAC",1090541057,"BRA:IAC:IAC:0000011162","Collection","G.C.P. Pinto","11162","IAC","Instituto Agronômico de Campinas, IAC","2018-06-15T17:03:07.000+0000","Identificação confirmada por L.F. Lima, 25/07/2017; Plantas recebidas da Bahia, do Sr. Geraldo C. Pereira Pinto, em janeiro de 1950","D.M. Dedecca",NA,"","","",NA,"","","","","",NA,"","",NA,"","","","",NA,"","","","","","","","",NA,NA,"","","Muritiba","Bahia","brazil",3515,"Muritiba",2922300,-39.092263,-12.61954,"BAHIA","BA","Bahia",-41.72018023,-12.47295682,"Bahia","ba",-12.61651,-39.16671,"original coordinates","original coordinates OK"
"106","Chrysophyllum rufum",1090539401,-22.870251,-47.077171,"gass84","1064b787-c882-493e-b17d-4ffba363b776","c47cd3b0-2178-4a4b-87a6-740b482970a9","none","b38ff2b7-c8af-454e-b5af-ee760f0d5bca","BR","DWC_ARCHIVE","2018-11-23T18:20:02.069+0000","2018-06-04T12:02:14.209+0000",129,"none","PRESERVED_SPECIMEN",2885683,6,7707728,220,1353,8802,2885576,2885683,2885683,"Chrysophyllum rufum Mart.","Chrysophyllum rufum Mart.","Plantae","Tracheophyta","Ericales","Sapotaceae","Chrysophyllum","Chrysophyllum rufum","Chrysophyllum","rufum","SPECIES","ACCEPTED","1948-04-05T00:00:00","São Paulo",1948,4,5,"1948-04-05T00:00:00","2018-12-08T04:43:10.325+0000","http://creativecommons.org/licenses/by-nc/4.0/legalcode","none","none","none","WGS84","Magnoliopsida","BR","Brazil","IAC - Herbário do Instituto Agronômico de Campinas","BRA:IAC:IAC:0000009272","s/nº","IAC - Herbário do Instituto Agronômico de Campinas","Campinas","IAC, Fazenda Santa Elisa","pt","IAC",1090539401,"BRA:IAC:IAC:0000009272","Collection","D.M. Dedecca","9272","IAC","Instituto Agronômico de Campinas, IAC","2018-05-22T12:55:41.000+0000","nome popular: caimito","D.M. Dedecca",NA,"","","",NA,"","","","","",NA,"","",NA,"","","","",NA,"","","","","","","","",NA,NA,"","","Campinas","São Paulo","brazil",1373,"Campinas",3509502,-47.043665,-22.883678,"SAO PAULO","SP","São Paulo",-48.72944932,-22.26440593,"São Paulo","sp",-22.870251,-47.077171,"original coordinates","original coordinates OK"
"107","Chrysophyllum rufum",1077184512,-12.616667,-38.983333,"gass84","5b5cf455-a448-4c0a-aecd-3e0956f27f10","afdd8e93-b4e3-491c-88f0-8a22834ac1a9","none","b38ff2b7-c8af-454e-b5af-ee760f0d5bca","BR","DWC_ARCHIVE","2018-12-03T14:05:55.338+0000","2018-12-03T16:15:57.077+0000",122,"none","PRESERVED_SPECIMEN",2885683,6,7707728,220,1353,8802,2885576,2885683,2885683,"Chrysophyllum rufum Mart.","Chrysophyllum rufum Mart.","Plantae","Tracheophyta","Ericales","Sapotaceae","Chrysophyllum","Chrysophyllum rufum","Chrysophyllum","rufum","SPECIES","ACCEPTED","1950-07-01T00:00:00","Bahia",1948,9,NA,"1948-09-01T00:00:00","2018-12-06T14:16:12.026+0000","http://creativecommons.org/licenses/by-nc/4.0/legalcode","none","none","none","WGS84","Magnoliopsida","BR","Brazil","ALCB - Herbário Alexandre Leal Costa","BRA:UFBA:ALCB:0000006857","s.n","ALCB - Herbário Alexandre Leal Costa","Recôncavo Sul","Muritiba, S. José do Aporá.","pt","ALCB",1077184512,"BRA:UFBA:ALCB:0000006857","Collection","Pinto, GCP","06857","Universidade Federal da Bahia (UFBA)","Universidade Federal da Bahia (UFBA)","2018-08-28T19:19:07.000+0000","De peq. porte em solos fracos de taboleiro.","Dedecca, DM",NA,"","","SOUTH_AMERICA",NA,"","","","","",NA,"","",NA,"","","","",NA,"","","","","","","","",NA,NA,"","","Recôncavo Sul","Bahia","brazil",NA,"",NA,NA,NA,"","","Bahia",-41.72018023,-12.47295682,"Bahia","ba",-12.616667,-38.983333,"original coordinates","original coordinates outside municipality original in reconcavo sul falls in muritiba"
"108","Chrysophyllum rufum",1090538066,-6.9633,-35.6917,"gass84","1064b787-c882-493e-b17d-4ffba363b776","c47cd3b0-2178-4a4b-87a6-740b482970a9","none","b38ff2b7-c8af-454e-b5af-ee760f0d5bca","BR","DWC_ARCHIVE","2018-11-23T18:20:00.972+0000","2017-12-29T14:13:59.150+0000",129,"none","PRESERVED_SPECIMEN",2885683,6,7707728,220,1353,8802,2885576,2885683,2885683,"Chrysophyllum rufum Mart.","Chrysophyllum rufum Mart.","Plantae","Tracheophyta","Ericales","Sapotaceae","Chrysophyllum","Chrysophyllum rufum","Chrysophyllum","rufum","SPECIES","ACCEPTED","1944-10-10T00:00:00","Paraíba",1944,10,10,"1944-10-10T00:00:00","2018-12-08T04:43:09.704+0000","http://creativecommons.org/licenses/by-nc/4.0/legalcode","none","none","none","WGS84","Magnoliopsida","BR","Brazil","IAC - Herbário do Instituto Agronômico de Campinas","BRA:IAC:IAC:0000007760","660","IAC - Herbário do Instituto Agronômico de Campinas","Areia","Escola de Agronomia do Nordeste","pt","IAC",1090538066,"BRA:IAC:IAC:0000007760","Collection","J.M. Vasconcellos","7760","IAC","Instituto Agronômico de Campinas, IAC","2017-06-09T13:50:49.000+0000","Nome popular: fogo-azul (Material recebido do Sr. Bento Pickel em Fevereiro de 1945)","B.J. Pickel",NA,"","","",NA,"","","","","",NA,"","",NA,"","","","",NA,"","","","","","","","",NA,NA,"","","Areia","Paraíba","brazil",4586,"Areia",2501104,-35.703577,-6.95222,"PARAIBA","PB","Paraíba",-36.83226341,-7.12079672,"Paraíba","pb",-6.9633,-35.6917,"original coordinates","original coordinates OK"
"109","Chrysophyllum rufum",1089155649,-7.115,-34.863056,"gass84","c9bc6b8d-a4ff-4a47-9cff-d0d1b9e548c7","f4cf14c8-58db-4947-a93c-e43f2b7fe171","none","b38ff2b7-c8af-454e-b5af-ee760f0d5bca","BR","DWC_ARCHIVE","2018-11-24T12:32:54.720+0000","2018-08-03T12:13:23.819+0000",128,"none","PRESERVED_SPECIMEN",2885683,6,7707728,220,1353,8802,2885576,2885683,2885683,"Chrysophyllum rufum Mart.","Chrysophyllum rufum Mart.","Plantae","Tracheophyta","Ericales","Sapotaceae","Chrysophyllum","Chrysophyllum rufum","Chrysophyllum","rufum","SPECIES","ACCEPTED","none","Paraíba",1900,1,1,"1900-01-01T00:00:00","2018-12-08T04:38:37.957+0000","http://creativecommons.org/licenses/by-nc/4.0/legalcode","none","none","none","WGS84","Magnoliopsida","BR","Brazil","JPB - Herbário Lauro Pires Xavier","BRA:UFPB:JPB:0000015909","373","JPB - Herbário Lauro Pires Xavier","João Pessoa","","pt","JPB",1089155649,"BRA:UFPB:JPB:0000015909","Collection","Moura, OT","15909","UFPB","Universidade Federal da Paraíba, UFPB","2018-07-26T14:14:22.000+0000","","",47,"","","SOUTH_AMERICA",0,"","","","","",NA,"","",NA,"","","","",NA,"","","","","","","","",NA,NA,"","","João Pessoa","Paraíba","brazil",4512,"João Pessoa",2507507,-34.869897,-7.1651,"PARAIBA","PB","Paraíba",-36.83226341,-7.12079672,"Paraíba","pb",-7.115,-34.863056,"original coordinates","original coordinates OK"
"110","Chrysophyllum rufum",1089163461,-6.963333,-35.691389,"gass84","c9bc6b8d-a4ff-4a47-9cff-d0d1b9e548c7","f4cf14c8-58db-4947-a93c-e43f2b7fe171","none","b38ff2b7-c8af-454e-b5af-ee760f0d5bca","BR","DWC_ARCHIVE","2018-11-24T12:32:59.554+0000","2018-08-03T12:13:28.565+0000",128,"none","PRESERVED_SPECIMEN",2885683,6,7707728,220,1353,8802,2885576,2885683,2885683,"Chrysophyllum rufum Mart.","Chrysophyllum rufum Mart.","Plantae","Tracheophyta","Ericales","Sapotaceae","Chrysophyllum","Chrysophyllum rufum","Chrysophyllum","rufum","SPECIES","ACCEPTED","none","Paraíba",1900,1,1,"1900-01-01T00:00:00","2018-12-08T04:38:41.798+0000","http://creativecommons.org/licenses/by-nc/4.0/legalcode","none","none","none","WGS84","Magnoliopsida","BR","Brazil","JPB - Herbário Lauro Pires Xavier","BRA:UFPB:JPB:0000026441","JPB26441","JPB - Herbário Lauro Pires Xavier","Areia","","pt","JPB",1089163461,"BRA:UFPB:JPB:0000026441","Collection","Herley","26441","UFPB","Universidade Federal da Paraíba, UFPB","2018-07-26T14:14:22.000+0000","","",618,"","","SOUTH_AMERICA",0,"","","","","",NA,"","",NA,"","","","",NA,"","","","","","","","",NA,NA,"","","Areia","Paraíba","brazil",4586,"Areia",2501104,-35.703577,-6.95222,"PARAIBA","PB","Paraíba",-36.83226341,-7.12079672,"Paraíba","pb",-6.963333,-35.691389,"original coordinates","original coordinates OK"
"111","Chrysophyllum rufum",1089147802,-7.515833,-34.908056,"gass84","c9bc6b8d-a4ff-4a47-9cff-d0d1b9e548c7","f4cf14c8-58db-4947-a93c-e43f2b7fe171","none","b38ff2b7-c8af-454e-b5af-ee760f0d5bca","BR","DWC_ARCHIVE","2018-11-24T12:32:51.159+0000","2018-08-03T12:13:18.960+0000",128,"none","PRESERVED_SPECIMEN",2885683,6,7707728,220,1353,8802,2885576,2885683,2885683,"Chrysophyllum rufum Mart.","Chrysophyllum rufum Mart.","Plantae","Tracheophyta","Ericales","Sapotaceae","Chrysophyllum","Chrysophyllum rufum","Chrysophyllum","rufum","SPECIES","ACCEPTED","none","Paraíba",1900,1,1,"1900-01-01T00:00:00","2018-12-08T04:38:34.339+0000","http://creativecommons.org/licenses/by-nc/4.0/legalcode","none","none","none","WGS84","Magnoliopsida","BR","Brazil","JPB - Herbário Lauro Pires Xavier","BRA:UFPB:JPB:0000004799","JPB4799","JPB - Herbário Lauro Pires Xavier","Caaporã","","pt","JPB",1089147802,"BRA:UFPB:JPB:0000004799","Collection","Moura, OT","4799","UFPB","Universidade Federal da Paraíba, UFPB","2018-07-26T14:14:22.000+0000","","",29,"","","SOUTH_AMERICA",0,"","","","","",NA,"","",NA,"","","","",NA,"","","","","","","","",NA,NA,"","","Caaporã","Paraíba","brazil",4412,"Caaporã",2503001,-34.919882,-7.486877,"PARAIBA","PB","Paraíba",-36.83226341,-7.12079672,"Paraíba","pb",-7.515833,-34.908056,"original coordinates","original coordinates OK"
"112","Chrysophyllum rufum",1089159879,-6.981111,-34.833889,"gass84","c9bc6b8d-a4ff-4a47-9cff-d0d1b9e548c7","f4cf14c8-58db-4947-a93c-e43f2b7fe171","none","b38ff2b7-c8af-454e-b5af-ee760f0d5bca","BR","DWC_ARCHIVE","2018-11-24T12:32:56.462+0000","2018-08-03T12:13:26.339+0000",128,"none","PRESERVED_SPECIMEN",2885683,6,7707728,220,1353,8802,2885576,2885683,2885683,"Chrysophyllum rufum Mart.","Chrysophyllum rufum Mart.","Plantae","Tracheophyta","Ericales","Sapotaceae","Chrysophyllum","Chrysophyllum rufum","Chrysophyllum","rufum","SPECIES","ACCEPTED","none","Paraíba",1900,1,1,"1900-01-01T00:00:00","2018-12-08T04:38:40.042+0000","http://creativecommons.org/licenses/by-nc/4.0/legalcode","none","none","none","WGS84","Magnoliopsida","BR","Brazil","JPB - Herbário Lauro Pires Xavier","BRA:UFPB:JPB:0000022500","1124","JPB - Herbário Lauro Pires Xavier","Cabedelo","","pt","JPB",1089159879,"BRA:UFPB:JPB:0000022500","Collection","Moura, OT","22500","UFPB","Universidade Federal da Paraíba, UFPB","2018-07-26T14:14:22.000+0000","","",3,"","","SOUTH_AMERICA",0,"","","","","",NA,"","",NA,"","","","",NA,"","","","","","","","",NA,NA,"","","Cabedelo","Paraíba","brazil",4563,"Cabedelo",2503209,-34.847388,-7.02592,"PARAIBA","PB","Paraíba",-36.83226341,-7.12079672,"Paraíba","pb",-6.981111,-34.833889,"original coordinates","original coordinates OK"
"113","Chrysophyllum rufum",1098986973,-10,-55,"","7b9a08ea-f762-11e1-a439-00145eb45e9a","0674aea0-a7e1-11d8-9534-b8a03c50a862","none","6038e54e-f762-11e1-a439-00145eb45e9a","DE","BIOCASE","2018-10-16T15:23:26.953+0000","2017-12-31T03:01:52.466+0000",91,"none","PRESERVED_SPECIMEN",2885685,6,7707728,220,1353,8802,2885576,2885683,2885683,"Chrysophyllum rufum var. acutifolium Mart.","Chrysophyllum rufum Mart.","Plantae","Tracheophyta","Ericales","Sapotaceae","Chrysophyllum","Chrysophyllum rufum","Chrysophyllum","rufum","VARIETY","SYNONYM","none","",1839,8,NA,"1839-08-01T00:00:00","2018-12-10T01:05:30.640+0000","http://creativecommons.org/licenses/by/4.0/legalcode","none","none","none","WGS84","Magnoliopsida","BR","Brazil","","","","","","ad Soteropolin. [Crescit ad Cruz de Casma praed. Prov. Soteropolitanae]","","BSMvplantscoll",1098986973,"http://id.snsb.info/snsb/collection/463857/565196/242704","","Martius, C.F.P. von (no. Herb. Fl. Bras. 521)","M-0174524 / 565196 / 242704","SNSB-M","","","","",NA,"","","",NA,"","","","","",NA,"","",NA,"","","","",NA,"","","","","acutifolium","HOLOTYPE","Chrysophyllum rufum var. acutifolium Mart.","",NA,NA,"","","","","brazil",NA,"",NA,NA,NA,"","","",NA,NA,NA,"",-10,-55,"original coordinates","original coordinates outside municipality original in  falls in guaranta do norte"
"114","Chrysophyllum rufum",1057231167,-10.773109,-53.08982,"gass84","7e380070-f762-11e1-a439-00145eb45e9a","19456090-b49a-11d8-abeb-b8a03c50a862","none","60277b56-f762-11e1-a439-00145eb45e9a","GB","DWC_ARCHIVE","2018-12-05T05:48:43.916+0000","2018-12-05T05:48:44.000+0000",100,"none","PRESERVED_SPECIMEN",2885685,6,7707728,220,1353,8802,2885576,2885683,2885683,"Chrysophyllum rufum var. acutifolium Mart.","Chrysophyllum rufum Mart.","Plantae","Tracheophyta","Ericales","Sapotaceae","Chrysophyllum","Chrysophyllum rufum","Chrysophyllum","rufum","VARIETY","SYNONYM","none","",1839,NA,NA,"1839-01-01T00:00:00","2018-12-08T02:09:09.054+0000","http://creativecommons.org/publicdomain/zero/1.0/legalcode","none","none","none","WGS84","Magnoliopsida","BR","Brazil","","605088","521","","","","","BOT",1057231167,"9409caf1-dcd8-4029-8d54-e47578db34c8","","C F. van-Martius","BM000952587","NHMUK","","2018-03-12T00:00:00.000+0000","","",NA,"NHMUK:ecatalogue:605088","","SOUTH_AMERICA",NA,"","","","","",NA,"","",NA,"","","","",NA,"South America; Brazil","","","Sapotaceae","acutifolium","ISOTYPE","","{""determinationfiledas"": [""Yes"", ""No""], ""collectionkind"": ""Sheet"", ""gbifissue"": [""COORDINATE_ROUNDED;GEODETIC_DATUM_ASSUMED_WGS84""], ""created"": ""2010-02-25"", ""gbifid"": 1057231167, ""project"": ""GPI Georeferencing"", ""determinationnames"": [""Chrysophyllum rufum Mart"", ""Chrysophyllum rufum var. acutifolium""], ""geom"": ""-10.773109,-53.089820"", ""subdepartment"": ""Flowering Plants""}",521,NA,"","","","","brazil",NA,"",NA,NA,NA,"","","",NA,NA,NA,"",-10.773109,-53.08982,"original coordinates","original coordinates outside municipality original in  falls in sao jose do xingu"
"115","Chrysophyllum rufum",1098986984,-10,-55,"rdativ","7b9a08ea-f762-11e1-a439-00145eb45e9a","0674aea0-a7e1-11d8-9534-b8a03c50a862","none","6038e54e-f762-11e1-a439-00145eb45e9a","DE","BIOCASE","2018-10-16T15:23:27.078+0000","2017-12-31T03:01:52.590+0000",91,"none","PRESERVED_SPECIMEN",2885683,6,7707728,220,1353,8802,2885576,2885683,2885683,"Chrysophyllum rufum Mart.","Chrysophyllum rufum Mart.","Plantae","Tracheophyta","Ericales","Sapotaceae","Chrysophyllum","Chrysophyllum rufum","Chrysophyllum","rufum","SPECIES","ACCEPTED","none","",NA,NA,NA,"none","2018-12-10T02:54:12.205+0000","http://creativecommons.org/licenses/by/4.0/legalcode","none","none","none","WGS84","Magnoliopsida","BR","Brazil","","","","","","Brasilia Provinc. Bahia.","","BSMvplantscoll",1098986984,"http://id.snsb.info/snsb/collection/463856/565195/242703","","Martius, C.F.P. von","M-0174523 / 565195 / 242703","SNSB-M","","","","",NA,"","","",NA,"","","","","",NA,"","",NA,"","","","",NA,"","","","","","TYPE","Chrysophyllum rufum Mart.","",NA,NA,"","","","","brazil",NA,"",NA,NA,NA,"","","",NA,NA,NA,"",-10,-55,"original coordinates","original coordinates outside municipality original in  falls in guaranta do norte"
"116","Chrysophyllum rufum",1228279629,-11,-42,"gass84","90c853e6-56bd-480b-8e8f-6285c3f8d42b","7b8aff00-a9f8-11d8-944b-b8a03c50a862","none","3b84ff5b-79ce-427c-acb7-b4004e160f66","US","DWC_ARCHIVE","2018-11-22T21:38:22.639+0000","2018-11-22T21:38:22.688+0000",97,"none","PRESERVED_SPECIMEN",2885683,6,7707728,220,1353,8802,2885576,2885683,2885683,"Chrysophyllum rufum Mart.","Chrysophyllum rufum Mart.","Plantae","Tracheophyta","Ericales","Sapotaceae","Chrysophyllum","Chrysophyllum rufum","Chrysophyllum","rufum","SPECIES","ACCEPTED","1986-01-01T00:00:00","Bahia",NA,NA,NA,"none","2018-12-07T20:10:03.026+0000","http://creativecommons.org/publicdomain/zero/1.0/legalcode","none","none","none","WGS84","Magnoliopsida","BR","Brazil","The Field Museum of Natural History","da196343-e02f-4c09-964e-86081abc4e69","","GDI 2013-2015 SAPP","","","en","Botany",1228279629,"da196343-e02f-4c09-964e-86081abc4e69","PhysicalObject","G. G. Bondar","V0291730F","F","F","","","RRC ID Flag",NA,"","","SOUTH_AMERICA",NA,"","","ICBN","F","",NA,"","",NA,"Botany","","","",NA,"South America, Brazil, Bahia","","","Plantae Spermatophyta Dicotyledoneae Sapotaceae","","","","",NA,3058802,"seeds-20-nov-2018","http://fieldmuseum.org/about/copyright-information","","Bahia","brazil",NA,"",NA,NA,NA,"","","Bahia",-41.72018023,-12.47295682,"Bahia","ba",-11,-42,"original coordinates","original coordinates outside municipality original in  falls in jussara"
"117","Chrysophyllum rufum",1913571970,-11.816667,-38.733333,"gass84","aefe4840-ce1f-4b7b-b83b-1a0203e9e5e4","3b3975ee-23fb-4943-a00e-4d6e6115b194","none","b38ff2b7-c8af-454e-b5af-ee760f0d5bca","BR","DWC_ARCHIVE","2018-11-23T15:39:12.906+0000","2018-10-24T15:38:26.641+0000",124,"none","PRESERVED_SPECIMEN",2885683,6,7707728,220,1353,8802,2885576,2885683,2885683,"Chrysophyllum rufum Mart.","Chrysophyllum rufum Mart.","Plantae","Tracheophyta","Ericales","Sapotaceae","Chrysophyllum","Chrysophyllum rufum","Chrysophyllum","rufum","SPECIES","ACCEPTED","none","Bahia",NA,NA,NA,"none","2018-12-10T13:35:42.435+0000","http://creativecommons.org/licenses/by-nc/4.0/legalcode","none","none","none","WGS84","Magnoliopsida","BR","Brazil","TEPB - Herbário Graziela Barroso","BRA:UFPI:TEPB:0000010385","318","TEPB - Herbário Graziela Barroso","Água Fria","Estrada que liga Água Fria a CIA Celulose da Bahia","pt","TEPB",1913571970,"BRA:UFPI:TEPB:0000010385","Collection","J. E. M. Brazão","10385","UFPI","Universidade Federal do Piauí, UFPI","2018-10-08T19:11:14.000+0000","Terrestre; 2 m de altura; diâmetro à altura do peito: 25 cm; diâmetro da copa: 1,5 m; fanerófita. Caule cinza-claro. Frequência abundante. Solo arenoso, relevo plano. Convênio projeto RADAMBRASIL/IBDF. Folha SC. 24-Z-C. Ponto 2 (F. 299). HRB N° 15173 Ambi","G. C. P. Pinto/H. P. Bautista",275,"","","",0,"","","","","",NA,"","",NA,"","","","",NA,"","","","","","","","",NA,NA,"","","Água Fria","Bahia","brazil",3621,"Água Fria",2900405,-38.723787,-11.828215,"BAHIA","BA","Bahia",-41.72018023,-12.47295682,"Bahia","ba",-11.816667,-38.733333,"original coordinates","original coordinates OK"
